0 1
0 2
0 3
0 4
0 5
0 6
7 8
7 9
10 11
10 3
10 4
10 5
10 12
10 6
13 14
13 15
13 9
13 16
17 15
17 9
17 16
18 19
18 20
18 21
18 22
18 23
18 24
18 2
18 25
18 3
18 4
18 5
18 6
19 20
19 21
19 23
19 26
19 6
20 21
20 23
20 26
20 27
20 6
28 13
28 14
28 15
28 9
28 16
29 2
29 3
29 4
29 5
29 6
30 8
30 14
30 15
30 9
30 16
31 0
31 1
31 3
31 4
31 5
31 6
32 33
32 34
32 35
32 36
32 37
34 32
34 33
34 35
34 36
34 37
35 32
35 33
35 34
35 36
35 37
36 32
36 33
36 34
36 35
36 37
37 32
37 33
37 34
37 35
37 36
38 20
38 21
38 23
38 26
38 25
38 39
38 40
38 41
38 42
38 43
38 6
21 26
21 6
22 44
22 19
22 3
22 4
22 5
22 39
22 40
22 12
22 41
22 42
22 43
22 6
45 44
45 19
45 20
45 21
45 22
45 23
45 24
45 25
45 3
45 4
45 5
45 12
45 6
46 14
46 15
46 9
46 16
46 47
46 48
46 49
46 50
46 51
23 21
23 2
23 3
23 4
23 5
23 6
52 53
52 47
52 49
52 50
52 51
52 54
52 55
56 0
56 10
56 31
56 1
56 27
56 6
57 14
57 58
57 15
57 9
57 16
59 44
59 19
59 20
59 21
59 22
59 23
59 60
59 24
59 26
59 41
59 42
59 43
59 6
60 18
60 19
60 20
60 29
60 21
60 22
60 23
60 24
60 26
60 25
60 41
60 42
60 43
60 6
61 53
61 47
61 62
61 49
61 50
61 51
63 2
63 3
63 4
63 5
63 12
63 6
64 53
64 47
64 62
64 49
64 50
64 51
64 65
64 66
64 67
64 54
64 55
68 64
68 53
68 47
68 62
68 49
68 51
68 65
68 66
68 67
68 54
68 55
69 53
69 70
69 62
69 49
69 50
69 51
71 53
71 72
71 47
71 62
71 49
71 50
71 51
1 0
1 2
1 3
1 4
1 5
1 6
24 44
24 20
24 21
24 23
24 26
24 6
73 3
73 4
73 5
73 12
73 27
73 6
74 10
74 11
74 5
74 75
74 12
74 27
74 6
76 0
76 10
76 22
76 77
76 60
76 1
76 8
76 9
76 16
76 51
76 65
76 66
76 67
76 54
76 12
76 27
76 55
76 6
78 53
78 49
78 50
78 51
78 55
79 53
79 47
79 62
79 49
79 50
79 51
79 55
80 53
80 47
80 62
80 49
80 50
80 51
80 55
53 49
53 50
53 51
81 82
81 14
81 58
81 15
81 9
81 16
83 53
83 70
83 62
83 49
83 50
83 51
84 53
84 47
84 62
84 49
84 50
84 51
8 77
8 9
14 30
14 8
14 15
14 9
14 16
58 30
58 14
58 15
58 9
58 16
15 9
15 16
16 8
16 15
16 9
85 53
85 47
85 62
85 49
85 50
85 51
85 55
72 53
72 47
72 62
72 49
72 50
72 51
86 53
86 47
86 62
86 49
86 50
86 51
86 55
87 53
87 47
87 49
87 50
87 51
87 54
87 55
88 18
88 38
88 21
88 89
88 90
88 91
92 53
92 47
92 62
92 49
92 50
92 51
93 2
93 3
93 4
93 5
93 12
93 6
94 53
94 70
94 62
94 49
94 50
94 51
2 95
2 3
2 4
2 5
2 12
2 6
47 53
47 70
47 62
47 49
47 50
47 51
96 53
96 47
96 62
96 49
96 50
96 51
96 65
96 66
96 67
96 54
96 55
48 53
48 47
48 62
48 49
48 50
48 51
97 53
97 47
97 62
97 49
97 50
97 51
97 55
98 53
98 47
98 62
98 49
98 50
98 51
98 55
99 53
99 47
99 62
99 49
99 50
99 51
99 55
100 53
100 47
100 62
100 49
100 50
100 51
100 55
101 53
101 47
101 62
101 49
101 50
101 51
101 55
102 53
102 47
102 62
102 49
102 50
102 51
102 55
103 53
103 47
103 62
103 49
103 50
103 51
103 55
104 53
104 47
104 62
104 49
104 50
104 51
104 55
105 53
105 47
105 62
105 49
105 50
105 51
105 55
106 53
106 47
106 62
106 49
106 50
106 51
106 55
70 53
70 62
70 49
70 50
70 51
70 55
62 53
62 70
62 49
62 50
62 51
62 55
107 23
107 24
107 26
107 39
107 40
107 41
107 42
107 43
26 2
26 3
26 4
26 5
26 6
108 44
108 19
108 20
108 21
108 22
108 23
108 24
108 26
108 90
108 91
108 25
108 41
108 42
108 43
108 6
109 44
109 19
109 20
109 21
109 22
109 23
109 24
109 26
109 91
109 25
109 41
109 42
109 43
109 6
110 44
110 19
110 20
110 21
110 22
110 23
110 24
110 26
110 91
110 25
110 41
110 42
110 43
110 6
111 44
111 19
111 20
111 21
111 22
111 23
111 24
111 26
111 90
111 91
111 25
111 41
111 42
111 43
111 6
112 44
112 19
112 20
112 38
112 21
112 22
112 23
112 24
112 26
112 113
112 89
112 90
112 91
112 25
112 41
112 42
112 43
112 6
114 44
114 19
114 20
114 21
114 22
114 23
114 24
114 26
114 91
114 25
114 41
114 42
114 43
114 6
115 44
115 19
115 20
115 21
115 22
115 23
115 24
115 26
115 91
115 25
115 41
115 42
115 43
115 6
116 44
116 19
116 20
116 21
116 22
116 23
116 24
116 26
116 25
116 41
116 42
116 43
116 6
117 44
117 19
117 20
117 21
117 22
117 23
117 24
117 26
117 91
117 25
117 41
117 42
117 43
117 6
118 44
118 19
118 20
118 21
118 22
118 23
118 24
118 26
118 91
118 25
118 41
118 42
118 43
118 6
119 44
119 19
119 20
119 21
119 22
119 23
119 24
119 26
119 91
119 25
119 41
119 42
119 43
119 6
113 44
113 19
113 20
113 21
113 22
113 23
113 24
113 26
113 91
113 25
113 41
113 42
113 43
113 6
89 44
89 19
89 20
89 21
89 22
89 23
89 24
89 26
89 91
89 25
89 41
89 42
89 43
89 6
90 44
90 19
90 20
90 21
90 22
90 23
90 24
90 26
90 89
90 91
90 25
90 41
90 42
90 43
90 6
120 121
120 14
120 58
120 15
120 9
120 16
91 44
91 19
91 20
91 21
91 22
91 23
91 24
91 26
91 89
91 25
91 41
91 42
91 43
91 6
122 82
122 14
122 58
122 15
122 9
122 16
122 47
122 62
122 49
122 120
50 49
51 49
51 50
65 53
65 49
65 50
65 51
66 53
66 49
66 50
66 51
66 55
67 53
67 49
67 50
67 51
67 55
54 53
54 49
54 50
54 51
54 55
123 23
123 24
123 107
123 26
123 39
123 40
123 42
123 43
25 107
25 26
25 39
25 40
25 41
25 42
25 43
3 95
3 4
3 6
4 95
4 3
4 6
5 2
5 95
5 3
5 4
5 12
5 6
39 23
39 24
39 107
39 26
39 40
39 41
39 42
39 43
40 23
40 24
40 26
40 41
40 42
40 43
12 2
12 95
12 3
12 4
12 5
12 6
27 11
41 20
41 21
41 23
41 24
41 26
42 20
42 21
42 23
42 24
42 26
42 40
42 41
42 43
43 23
43 24
43 26
43 41
124 53
124 70
124 62
124 49
124 50
124 51
125 73
125 3
125 4
125 5
125 27
125 55
125 6
125 126
125 127
55 53
55 49
55 50
55 51
55 54
128 129
6 95
6 3
6 4
129 26
129 91
129 39
129 40
129 41
129 42
129 43
126 52
126 64
126 69
126 71
126 78
126 79
126 80
126 53
126 84
126 85
126 72
126 86
126 87
126 47
126 96
126 48
126 97
126 99
126 101
126 103
126 104
126 106
126 70
126 62
126 65
126 66
126 67
126 54
126 55
127 50
127 51
127 66
127 67
127 54
127 55
