145887.9548
145562.435893
145562.435893
145562.435893
145562.435893
145728.73851199998
138056.174529
139315.42
144314.1
144513.15
144513.15
144513.15
144696.9
144873.6
144520.54056
139084.29
139311.795
145628.82576
139088.35
139315.71
145655.170556
139320.785
144880.8
140077.685
111761.697372
140407.64958
131564.62638
111126.99
120118.943844
111126.99
111126.99
111126.99
111126.99
144521.09999999998
139328.905
139325.57
132867.0
111125.82
139911.65999999997
139911.65999999997
123022.77
111115.68
111115.68
135172.624076
143869.8
139081.1
139308.605
145597.25558400003
113482.59
113482.59
113482.59
113482.59
113482.59
138051.80334800002
144760.943754
139092.41
139319.48
145654.503813
145045.8
145045.8
144706.5
144706.5
144706.5
144881.25
145044.30873599998
145544.07464399998
145544.07464399998
145544.07464399998
145544.07464399998
145544.07464399998
145044.30873599998
145544.07464399998
145544.07464399998
145544.07464399998
145544.07464399998
145044.30873599998
145544.07464399998
145544.07464399998
145544.07464399998
145544.07464399998
145044.30873599998
145544.07464399998
145544.07464399998
145544.07464399998
145544.07464399998
145044.30873599998
145544.07464399998
145544.07464399998
145544.07464399998
144528.0
134916.18
134525.3
122647.85
120036.70582500001
132034.54628
132034.54628
142746.91081499998
142746.91081499998
142337.7421
111137.65
123028.49
111125.82
134060.49999999997
133217.0
113460.36
113460.36
113460.36
131585.543694
132106.27423799998
113455.16
132995.621274
134022.320832
133716.686868
117951.73
133065.24
131984.44
131934.515286
131934.515286
144213.527409
131934.515286
132401.192169
116578.16184599999
107856.32
107856.32
107856.32
111002.45
117766.61
110666.72763000001
116448.02
116448.02
135922.837336
124228.70254799999
124228.70254799999
124259.738904
122057.18
122057.18
139907.89
111111.65
111111.65
111111.65
111111.65
111111.65
145049.4
140789.207914
145433.43693
144884.55
144884.55
140060.865
140060.865
140922.65061
140920.89753
140922.65061
140922.65061
140922.50452
141091.38456
139714.17
139714.17
139714.17
139896.435
145122.7662
140069.275
133517.86
142341.45
133143.11192000002
124511.89287000001
132764.90909499998
132751.99827500002
132749.752915
132090.0
132869.1
133206.36
132496.84
115312.86
138843.59
139089.655
143604.45
134922.48
139370.21625599999
112636.327832
138852.93696
131344.721688
121738.24
116543.06104
132486.9
132857.9
132475.42
113491.43
145456.51576500002
145450.645758
145444.62523799998
145116.35638500002
145288.09171799998
145288.09171799998
144300.45
144300.45
144300.45
144300.45
144298.5
144502.05
140851.93707
140846.838795
140688.355275
140522.005845
140691.70557
140691.70557
140056.225
140056.225
140056.225
140056.225
145042.49999999997
140057.675
140083.195
140785.205862
140627.085348
140460.520092
139913.69
140054.195
140054.195
140054.195
140054.195
145040.55000000002
145749.3246
145595.2608
145595.2608
145431.25739999997
145593.0018
145593.0018
145807.195296
145045.2
140841.35628799998
145649.14875999998
145485.37699199998
145650.504736
145650.504736
145887.9548
145562.435893
145562.435893
145562.435893
145562.435893
145728.73851199998
134490.72
143590.253502
133784.95806099998
133446.479575
132042.4
122440.14
141008.094109
141008.094109
141176.33693
141174.87522
141335.955662
141335.955662
141354.789003
141853.212378
142428.872916
135052.26
142598.115342
137822.569269
142762.041252
91457.625
91457.625
87116.21140799999
117657.76499999998
87116.21140799999
91457.625
119582.055
126628.65
127073.88
85383.5
85383.5
85383.5
85383.5
87165.6
89539.8
89539.8
89683.7
89539.8
145955.878992
145637.342928
145799.024112
145799.024112
140056.08
145839.67729099997
140873.832861
145678.138683
145518.257654
145683.262109
145683.262109
145049.25
145846.967752
140881.27705900001
145685.571265
145527.490112
145690.694963
145690.694963
145048.95
145682.817927
145835.35053
145835.35053
140047.235
95464.72
134235.635
136089.315
136089.315
141496.834257
145376.439168
145229.822496
145368.777846
145059.020082
145221.71050800002
145221.71050800002
145038.45
145359.502435
145353.94470199998
145044.36395300002
144874.8
144874.8
139718.955
138832.715
138848.52
139020.58895399998
140074.35
140072.9
145155.573108
138843.155
140070.0
140070.0
140068.55
145018.3317
140072.9
145155.18298
138055.225748
139094.44
139321.51
145752.22506
140786.37753
145592.27724000002
145434.28735
145595.59066
145595.59066
145037.85
145810.121705
140844.21682499998
145652.224785
145488.45193
145653.58077
145653.58077
145052.85
140831.351616
145635.952775
145477.779725
144888.0
144888.0
145049.1
145749.71424
140784.406568
145431.814528
145593.55033600001
145593.55033600001
140060.865
145740.076352
140674.022258
140844.361042
140674.022258
140491.57892
140491.57892
140491.57892
145430.779126
145424.90564799999
145419.03217
145063.762052
145254.12298000001
145254.12298000001
145110.671635
145110.671635
145110.671635
145110.671635
145108.866295
145440.89841
145472.920544
145307.184812
145307.184812
145139.79322800002
145305.980556
145305.980556
145730.397015
145887.9548
145887.9548
145887.9548
145730.397015
145887.9548
145745.66031200002
145733.899784
145733.899784
145406.86664
145578.14817600002
145578.14817600002
140587.70124
140587.70124
140402.62921999997
145196.61669000002
140404.232206
140404.232206
139698.22
139698.22
139698.22
140048.395
145038.6
145618.968092
145614.90070400003
145608.423012
145278.964584
145453.10904799998
145453.10904799998
145839.67729099997
140873.832861
145678.138683
145518.257654
145683.262109
145683.262109
145049.25
145800.014911
140834.21614799998
145638.364242
145478.52140899998
145643.486444
145643.486444
145044.44999999998
145839.67729099997
140873.832861
145678.138683
145518.257654
145683.262109
145683.262109
145049.25
145836.901216
140871.11765600002
145675.21299200002
145515.48371200002
145680.487072
145680.487072
145047.45
145839.67729099997
140873.832861
145678.138683
145518.257654
145683.262109
145683.262109
145049.25
145682.810042
140712.846516
145510.572515
145339.5405
145515.997319
145515.997319
145040.4
145839.67729099997
140873.832861
145678.138683
145518.257654
145683.262109
145683.262109
145049.25
145839.67729099997
140873.832861
145678.138683
145518.257654
145683.262109
145683.262109
145049.25
145838.019712
140872.23028199997
145676.48110399998
145516.600075
145681.60453
145681.60453
145047.6
145839.67729099997
140873.832861
145678.138683
145518.257654
145683.262109
145683.262109
145049.25
145952.83736
145947.70975200002
145630.85374
145796.14369199998
145796.14369199998
140060.865
145952.83736
145947.70975200002
145630.85374
145796.14369199998
145796.14369199998
140060.865
132621.48298
129551.523017
144518.55
145432.090154
140454.47765699998
144878.1
144884.7
145066.707868
111116.59
111116.59
111116.59
111116.59
111116.59
132507.62
139091.54
145142.12328000003
139982.321536
112107.4409
139980.86837599997
131330.16336
123032.39
134915.48
134915.48
119911.94886
132862.94
132862.94
132070.54
111136.87
132513.22
139095.89
145146.846785
139987.20839100002
112108.372675
139985.755221
131331.09932
123037.59
134919.26
119912.803445
132868.26
132868.26
132076.42
111136.87
132513.22
139095.89
145146.846785
139987.20839100002
112108.372675
139985.755221
131331.09932
123037.59
134919.26
119912.803445
132868.26
132868.26
132076.42
111136.87
132513.22
139095.89
145145.88118
139986.245068
112107.4409
139984.791908
131330.16336
123037.59
134919.26
134919.26
119911.94886
132868.26
132868.26
132076.42
111136.87
132513.22
133809.9
144781.36488
134315.44
134779.13064000002
112107.4409
134777.587164
131330.16336
123037.59
134914.78
134914.78
134914.78
134914.78
119911.94886
132868.26
132868.26
132076.42
111136.87
132513.22
139095.89
145146.846785
139987.20839100002
112108.372675
139985.755221
131331.09932
123037.59
134919.26
119912.803445
132868.26
132868.26
132076.42
111136.87
132513.22
138850.55
144969.17209100001
139790.449173
112108.372675
139788.85068600002
131331.09932
123037.59
134915.48
119912.803445
132868.26
132868.26
132076.42
111136.87
132881.98
138854.61
144973.593828
139795.044092
112109.30445
139793.445594
130740.735228
123037.59
119913.65802999999
132868.26
132868.26
132076.42
111136.87
132513.22
139095.89
145146.846785
139987.20839100002
112108.372675
139985.755221
131331.09932
123037.59
134919.26
119912.803445
132868.26
132868.26
132076.42
111136.87
132513.22
138852.435
144970.825578
139792.04765999998
112108.372675
139790.59449000002
131331.09932
123037.59
134917.16
119912.803445
132868.26
132868.26
132076.42
111136.87
132513.22
139095.89
145146.846785
139987.20839100002
112108.372675
139985.755221
131331.09932
123037.59
134919.26
119912.803445
132868.26
132868.26
132076.42
111136.87
132513.22
139095.89
145146.846785
139987.20839100002
112108.372675
139985.755221
131331.09932
123037.59
134919.26
119912.803445
132868.26
132868.26
132076.42
111136.87
132513.22
139095.89
145146.846785
139987.20839100002
112108.372675
139985.755221
131331.09932
123037.59
134919.26
119912.803445
132868.26
132868.26
132076.42
111136.87
132513.22
139095.89
145145.88118
139986.245068
112107.4409
139984.791908
131330.16336
123037.59
134919.26
134919.26
119911.94886
132868.26
132868.26
132076.42
111136.87
134916.74
139305.56
139305.56
139305.56
139516.39
144876.15000000002
132513.22
139095.89
145146.846785
139987.20839100002
112108.372675
139985.755221
131331.09932
123037.59
134919.26
119912.803445
132868.26
132868.26
132076.42
111136.87
119437.47
134966.725
136107.005
137006.585
137387.935
136958.01
116145.24324
116117.18924
116183.39667999999
127972.659568
145644.46369
145643.499221
146131.711318
145996.236603
145677.928333
145839.49618000002
145839.49618000002
145993.333266
145675.031326
145836.59596
145836.59596
140060.865
145995.268824
145676.962664
145838.52944
145838.52944
140060.865
145995.268824
145676.962664
145838.52944
145838.52944
140060.865
131005.28
128449.90827
144714.142674
138970.465
145067.765562
140438.734272
139922.535
145242.61912800002
144433.175742
138342.035
144931.50783299998
139946.992419
145081.504437
145087.82959500002
144737.385722
145731.36357000002
145888.9224
145888.9224
145731.36357000002
145888.9224
145888.9224
145887.9548
145730.397015
145887.9548
145887.9548
145730.397015
145887.9548
132151.84224
128630.94280000002
145256.176506
144518.55
140789.23734599998
144880.5
145050.6
145253.91734100002
132152.78207999998
128631.8576
144518.55
144880.5
145044.3
145248.10423199998
145885.99475100002
145728.436966
145885.99475100002
145885.99475100002
145885.99475100002
145885.99475100002
145746.63511
133037.667234
133037.667234
132616.794567
129542.160132
144712.05
133031.044632
133031.044632
132610.19291599997
129535.570924
144712.05
139914.415
145049.85
144526.05
132149.177814
128633.6872
144700.35
145036.5
145060.60820800002
144893.111793
145052.496274
145388.240209
144884.54919599998
144884.54919599998
128559.42
128285.37
128285.37
128285.37
128733.435
55311.392135999995
134733.09943899998
64098.697663
64098.697663
145995.268824
145676.962664
145838.52944
145838.52944
140060.865
87895.70149500002
145731.36357000002
145888.9224
145888.9224
127608.723289
122248.00478
127632.91259600001
127632.91259600001
128182.5289
128293.63635
125008.07854799999
141060.036831
141060.036831
141060.036831
141060.036831
141060.036831
141060.036831
141060.036831
141060.036831
141060.036831
141060.036831
141060.036831
141060.036831
141060.036831
141060.036831
141060.036831
141060.036831
141060.036831
141060.036831
141060.036831
141060.036831
141060.036831
141060.036831
141060.036831
141060.036831
141060.036831
141060.036831
141060.036831
141060.036831
141060.036831
141060.67466400002
141060.67466400002
140899.908292
140899.908292
141058.778146
141058.778146
