9617
6476
9984
6480
6486
6490
9576
9580
9569
6474
7541
9589
6476
9973
6490
6482
6494
6494
6494
6491
9558
9575
9581
9256
8281
9568
7836
6520
9773
6486
9578
9562
7820
9915
7842
7842
7841
7842
10000
9569
9765
9830
7661
7841
7841
7833
7842
7539
7824
7819
6516
6493
6492
6493
6498
6480
7843
7842
7843
7842
9321
7839
9922
9956
7784
9969
9971
7847
7837
7855
7841
7836
7841
7840
7841
7835
7841
7841
7836
7841
7840
7841
7829
9532
9553
9538
9547
9537
9544
9550
9547
9545
9551
9551
9550
9547
9544
9547
9538
6475
9545
7752
7836
7841
7841
7840
7841
7841
9202
8900
9970
9970
9973
9533
9534
9437
9974
9975
9534
9534
9543
7827
7437
7841
6753
9966
7764
7662
7662
9617
6495
9603
6496
6505
6508
9907
9900
9898
6490
7464
9869
6496
9590
6513
6504
6517
6517
6517
6514
9891
9904
9894
9546
8106
9897
7743
6537
9408
6504
9959
9847
7728
9618
7744
7744
7743
7744
9617
9842
9395
9464
7589
7743
7747
7737
7748
7452
7724
7720
6532
6514
6510
6514
6516
6498
7745
7744
7745
7745
9641
7742
9546
9577
7684
9588
9599
7748
7744
7749
7747
7743
7747
7746
7747
7741
7747
7747
7743
7747
7746
7747
7732
9849
9861
9867
9876
9866
9869
9879
9876
9874
9880
9880
9879
9876
9871
9876
9867
6493
9874
7639
7739
7744
7747
7746
7747
7747
9509
9201
9589
9589
9592
9851
9852
9091
9593
9596
9853
9853
9838
7726
7194
7747
6544
9585
7880
7568
7568
6476
6495
6467
9981
9967
9975
6477
6476
6477
9979
8560
6468
9997
6472
9842
9863
9846
9846
9846
9843
6476
6479
6478
6307
7823
6473
8291
9886
6358
9958
6502
6468
8213
6474
8290
8290
8289
8290
6476
6487
6359
6383
8424
8289
8290
8286
8293
8596
8294
8286
9910
9953
9955
9953
9962
9987
8291
8290
8292
8291
6319
8301
6440
6459
8235
6473
6469
8294
8286
8289
8290
8288
8290
8291
8290
8284
8290
8290
8285
8290
8289
8290
8277
6464
6452
6463
6466
6471
6467
6469
6466
6466
6471
6470
6469
6466
6468
6466
6460
9963
6465
8381
8285
8290
8290
8289
8290
8290
6306
6128
6469
6469
6469
6465
6464
6164
6471
6470
6464
6464
6459
8297
5188
8290
4750
6469
5405
8144
8145
9984
9603
6467
6472
6480
6482
9563
9564
9554
6466
7543
9573
6468
9957
6482
6474
6486
6486
6486
6483
9543
9560
9565
9241
8271
9553
7838
6524
9763
6478
9562
9547
7811
9899
7842
7842
7843
7842
9984
9553
9749
9832
7650
7843
7843
7835
7842
7529
7810
7807
6508
6486
6484
6486
6489
6472
7841
7842
7845
7844
9313
7825
9924
9958
7779
9953
9955
7837
7839
7841
7843
7838
7843
7842
7843
7837
7843
7843
7838
7843
7842
7843
7831
9516
9537
9523
9532
9522
9529
9535
9532
9530
9536
9536
9535
9532
9529
9532
9523
6468
9530
7740
7838
7843
7843
7842
7843
7843
9186
8885
9954
9954
9957
9517
9518
9421
9958
9961
9518
9518
9527
7813
7424
7843
6744
9950
7752
7650
7650
6480
6496
9981
6472
9986
9986
6478
6478
6477
9990
8561
6471
9984
6468
9833
9854
9837
9837
9837
9834
6471
6480
6475
6304
7832
6474
8300
9897
6351
9955
6493
6462
8223
6473
8299
8299
8298
8299
6480
6490
6354
6388
8416
8298
8300
8295
8302
8595
8292
8284
9907
9950
9952
9950
9961
9984
8299
8299
8301
8300
6312
8307
6445
6463
8245
6477
6476
8304
8295
8298
8300
8298
8300
8300
8300
8293
8300
8300
8295
8300
8299
8300
8286
6459
6453
6457
6461
6465
6458
6464
6461
6460
6465
6465
6464
6461
6462
6461
6454
9960
6460
8381
8295
8299
8300
8299
8300
8300
6301
6124
6473
6473
6474
6460
6461
6168
6476
6475
6461
6461
6458
8297
5183
8300
4744
6474
5400
8142
8143
6486
6505
9967
6480
9986
9982
6487
6476
6475
9976
8569
6478
9970
6466
9833
9850
9833
9833
9833
9830
6468
6484
6471
6301
7838
6474
8309
9907
6348
9951
6491
6459
8233
6471
8308
8308
8307
8308
6486
6496
6351
6397
8405
8307
8308
8304
8312
8591
8289
8280
9903
9946
9948
9946
9957
9970
8309
8308
8310
8309
6309
8304
6455
6471
8255
6483
6483
8314
8305
8305
8308
8306
8308
8309
8308
8302
8308
8308
8303
8308
8307
8308
8296
6456
6460
6454
6458
6463
6455
6461
6458
6457
6462
6462
6461
6458
6460
6458
6454
9956
6456
8377
8304
8308
8308
8307
8308
8308
6299
6122
6481
6481
6482
6457
6458
6173
6483
6484
6458
6458
6455
8293
5180
8308
4741
6481
5397
8138
8139
6490
6508
9975
6482
9986
9982
6488
6481
6480
9976
8570
6482
9978
6471
9833
9854
9837
9837
9837
9834
6474
6488
6477
6306
7845
6480
8313
9909
6349
9955
6496
6464
8237
6475
8312
8312
8311
8312
6490
6499
6350
6392
8421
8311
8312
8308
8314
8599
8297
8288
9909
9950
9952
9950
9961
9988
8313
8312
8314
8313
6310
8311
6455
6473
8259
6486
6487
8318
8309
8311
8312
8310
8312
8313
8312
8306
8312
8312
8307
8312
8311
8312
8300
6460
6464
6458
6464
6469
6461
6467
6464
6463
6468
6468
6467
6464
6466
6464
6456
9960
6462
8383
8308
8312
8312
8311
8312
8312
6303
6124
6483
6483
6484
6461
6462
6173
6486
6485
6462
6462
6461
8301
5180
8312
4741
6478
5397
8140
8141
9576
9907
6477
9563
6478
6487
6488
9959
9987
6472
7431
9931
6478
9549
6492
6485
6496
6496
6496
6493
9970
9997
9843
9494
8071
9986
7702
6514
9371
6483
9866
9909
7696
9620
7705
7705
7705
7705
9576
9812
9367
9434
7552
7705
7705
7698
7709
7418
7685
7681
6509
6490
6489
6490
6495
6478
7706
7705
7707
7706
9714
7700
9518
9545
7645
9559
9566
7710
7701
7710
7705
7700
7705
7704
7705
7699
7705
7705
7700
7705
7704
7705
7692
9875
9880
9960
9965
9953
9958
9966
9965
9963
9969
9969
9968
9965
9960
9965
9956
6474
9963
7614
7700
7705
7705
7704
7705
7705
9541
9243
9563
9563
9563
9879
9880
9065
9564
9567
9881
9881
9862
7688
7182
7705
6512
9558
7888
7530
7529
9580
9900
6476
9564
6478
6476
6481
9959
9972
6473
7421
9928
6477
9567
6493
6485
6497
6497
6497
6494
9949
9962
9861
9509
8070
9965
7694
6507
9386
6486
9875
9920
7684
9597
7699
7699
7698
7699
9580
9797
9378
9430
7563
7698
7698
7691
7703
7426
7694
7689
6515
6493
6492
6493
6498
6480
7700
7699
7700
7699
9694
7709
9512
9543
7639
9555
9566
7704
7695
7706
7698
7694
7698
7697
7698
7692
7698
7698
7694
7698
7697
7698
7686
9872
9867
9953
9962
9952
9955
9955
9962
9952
9954
9958
9957
9962
9957
9962
9953
6475
9960
7622
7694
7698
7698
7697
7698
7698
9534
9238
9558
9558
9559
9876
9877
9063
9560
9561
9878
9878
9867
7697
7190
7698
6527
9553
7902
7537
7536
9569
9898
6477
9554
6477
6475
6480
9987
9972
6472
7419
9924
6477
9556
6493
6485
6497
6497
6497
6494
9977
9990
9849
9500
8064
9993
7691
6505
9377
6484
9873
9916
7685
9623
7695
7695
7694
7695
9569
9801
9370
9421
7555
7694
7694
7687
7698
7423
7689
7685
6513
6492
6490
6492
6496
6479
7695
7695
7696
7695
9721
7704
9505
9534
7634
9549
9559
7699
7690
7701
7694
7689
7694
7693
7694
7688
7694
7694
7689
7694
7693
7694
7681
9878
9873
9969
9978
9966
9971
9979
9978
9976
9982
9982
9981
9978
9973
9978
9969
6474
9976
7619
7689
7694
7694
7693
7694
7694
9544
9246
9552
9552
9553
9882
9883
9054
9554
9555
9884
9884
9867
7692
7182
7694
6514
9547
7891
7533
7533
6474
6490
9979
6466
9990
9976
9976
6472
6473
6472
8553
6470
9982
6467
9831
9852
9835
9835
9835
9832
6469
6474
6473
6302
7824
6468
8292
9887
6357
9953
6493
6461
8215
6469
8291
8291
8290
8291
6474
6484
6359
6387
8412
8290
8292
8287
8294
8592
8290
8282
9905
9948
9950
9948
9959
9982
8291
8291
8293
8292
6316
8303
6439
6457
8237
6471
6470
8296
8287
8290
8292
8290
8292
8292
8292
8285
8292
8292
8287
8292
8291
8292
8278
6458
6447
6455
6459
6464
6456
6462
6459
6458
6463
6463
6462
6459
6461
6459
6453
9958
6458
8377
8287
8291
8292
8291
8292
8292
6305
6127
6467
6467
6468
6459
6460
6165
6470
6469
6460
6460
6456
8293
5190
8292
4750
6468
5404
8149
8150
7541
7464
8560
7543
8561
8569
8570
7431
7421
7419
8553
7426
8562
7529
8533
8528
8537
8537
8537
8534
7413
7428
7422
7218
8136
7419
8301
8580
7396
8569
7455
7407
8236
7517
8297
8297
8298
8297
7541
7453
7394
7439
8272
8298
8298
8294
8296
9924
8280
8272
8565
8568
8568
8568
8573
8561
8296
8297
8300
8299
7249
8282
7510
7528
8253
7534
7530
8294
8293
8290
8298
8292
8298
8299
8298
8292
8298
8298
8293
8298
8297
8298
8286
7402
7407
7406
7410
7415
7410
7413
7410
7409
7414
7414
7413
7410
7407
7410
7404
8562
7409
8257
8293
8298
8298
8297
8298
8298
7212
6962
7528
7528
7529
7403
7404
7177
7532
7533
7404
7404
7402
8281
5881
8298
5344
7524
6210
8127
8127
9589
9869
6468
9573
6471
6478
6482
9931
9928
9924
6470
7426
6469
9562
6483
6476
6486
6486
6486
6484
9911
9930
9821
9485
8075
9923
7700
6512
9387
6477
9830
9942
7680
9555
7705
7705
7704
7705
9589
9769
9382
9447
7550
7704
7705
7698
7705
7418
7687
7682
6509
6485
6483
6485
6489
6472
7706
7705
7706
7705
9664
7702
9525
9554
7645
9566
9577
7710
7701
7712
7705
7700
7705
7704
7705
7698
7705
7705
7700
7705
7704
7705
7692
9844
9857
9893
9902
9892
9895
9903
9902
9900
9906
9906
9905
9902
9897
9902
9893
6468
9900
7612
7700
7704
7705
7704
7705
7705
9524
9230
9571
9571
9572
9848
9849
9099
9573
9574
9850
9850
9849
7690
7209
7705
6538
9566
7904
7537
7537
6476
6496
9997
6468
9984
9970
9978
6478
6477
6477
9982
8562
6469
6473
9845
9866
9849
9849
9849
9846
6477
6479
6479
6307
7825
6474
8294
9889
6359
9961
6502
6468
8216
6474
8292
8292
8292
8292
6476
6488
6360
6384
8427
8292
8293
8288
8295
8598
8296
8289
9913
9956
9958
9956
9965
9990
8293
8292
8294
8294
6319
8304
6441
6459
8238
6473
6470
8297
8288
8292
8293
8291
8293
8294
8293
8287
8293
8293
8288
8293
8292
8293
8279
6465
6453
6463
6467
6472
6467
6470
6467
6466
6471
6471
6470
6467
6469
6467
6461
9966
6466
8384
8288
8293
8293
8292
8293
8293
6307
6128
6469
6469
6470
6466
6465
6164
6472
6471
6465
6465
6459
8299
5189
8293
4751
6470
5405
8146
8147
9973
9590
6472
9957
6468
6466
6471
9549
9567
9556
6467
7529
9562
6473
6491
6483
6494
6494
6494
6492
9560
9552
9576
9250
8260
9549
7813
6499
9792
6497
9597
9581
7797
9902
7819
7819
7818
7819
9973
9542
9784
9803
7677
7818
7818
7810
7819
7553
7838
7834
6516
6491
6495
6491
6495
6478
7820
7819
7820
7819
9339
7831
9895
9929
7761
9942
9944
7824
7814
7832
7818
7813
7818
7817
7818
7812
7818
7818
7813
7818
7817
7818
7806
9527
9526
9556
9565
9555
9562
9568
9565
9563
9569
9569
9568
9565
9562
9565
9556
6485
9563
7766
7813
7818
7818
7817
7818
7818
9197
8895
9943
9943
9946
9528
9527
9410
9947
9948
9527
9527
9542
7841
7455
7818
6770
9939
7780
7673
7672
6490
6513
9842
6482
9833
9833
9833
6492
6493
6493
9831
8533
6483
9845
6491
9967
9996
9996
9996
9993
6497
6494
6498
6320
7801
6488
8261
9848
6372
9862
6523
6488
8184
6491
8260
8260
8259
8260
6490
6503
6374
6394
8370
8259
8261
8256
8265
8573
8267
8262
9876
9863
9869
9863
9872
9845
8260
8260
8262
8261
6337
8272
6456
6472
8206
6487
6484
8265
8257
8259
8261
8259
8261
8261
8261
8254
8261
8261
8256
8261
8260
8261
8248
6479
6468
6483
6487
6492
6481
6490
6487
6486
6491
6491
6490
6487
6489
6487
6483
9835
6485
8325
8256
8260
8261
8260
8261
8261
6325
6142
6483
6483
6484
6480
6480
6174
6485
6485
6480
6480
6472
8272
5206
8261
4761
6478
5413
8113
8114
6482
6504
9863
6474
9854
9850
9854
6485
6485
6485
9852
8528
6476
9866
6483
9967
9971
9971
9971
9974
6489
6486
6487
6315
7793
6481
8266
9841
6365
9879
6515
6480
8188
6483
8264
8264
8264
8264
6482
6493
6366
6387
8386
8264
8265
8260
8267
8567
8271
8266
9869
9880
9886
9880
9889
9866
8265
8264
8266
8266
6328
8276
6449
6465
8210
6479
6477
8269
8262
8264
8265
8263
8265
8266
8265
8259
8265
8265
8260
8265
8264
8265
8252
6473
6461
6475
6479
6484
6473
6482
6479
6478
6483
6483
6482
6479
6481
6479
6472
9856
6478
8339
8260
8265
8265
8264
8265
8265
6318
6133
6477
6477
6477
6474
6474
6166
6479
6478
6474
6474
6467
8276
5202
8265
4754
6472
5410
8117
8118
6494
6517
9846
6486
9837
9833
9837
6496
6497
6497
9835
8537
6486
9849
6494
9996
9971
10000
10000
9997
6500
6498
6500
6321
7805
6492
8265
9852
6376
9866
6527
6491
8188
6495
8263
8263
8263
8263
6494
6505
6378
6398
8374
8263
8264
8259
8267
8577
8271
8266
9880
9867
9873
9867
9876
9849
8264
8263
8265
8265
6341
8276
6460
6476
8210
6491
6487
8269
8260
8263
8264
8262
8264
8265
8264
8258
8264
8264
8260
8264
8263
8264
8252
6483
6472
6487
6490
6495
6484
6493
6490
6490
6495
6494
6493
6490
6492
6490
6484
9839
6489
8329
8260
8264
8264
8263
8264
8264
6328
6146
6487
6487
6487
6484
6483
6178
6489
6488
6483
6483
6475
8276
5210
8264
4764
6482
5417
8117
8118
6494
6517
9846
6486
9837
9833
9837
6496
6497
6497
9835
8537
6486
9849
6494
9996
9971
10000
10000
9997
6500
6498
6500
6321
7805
6492
8265
9852
6376
9866
6527
6491
8188
6495
8263
8263
8263
8263
6494
6505
6378
6398
8374
8263
8264
8259
8267
8577
8271
8266
9880
9867
9873
9867
9876
9849
8264
8263
8265
8265
6341
8276
6460
6476
8210
6491
6487
8269
8260
8263
8264
8262
8264
8265
8264
8258
8264
8264
8260
8264
8263
8264
8252
6483
6472
6487
6490
6495
6484
6493
6490
6490
6495
6494
6493
6490
6492
6490
6484
9839
6489
8329
8260
8264
8264
8263
8264
8264
6328
6146
6487
6487
6487
6484
6483
6178
6489
6488
6483
6483
6475
8276
5210
8264
4764
6482
5417
8117
8118
6494
6517
9846
6486
9837
9833
9837
6496
6497
6497
9835
8537
6486
9849
6494
9996
9971
10000
10000
9997
6500
6498
6500
6321
7805
6492
8265
9852
6376
9866
6527
6491
8188
6495
8263
8263
8263
8263
6494
6505
6378
6398
8374
8263
8264
8259
8267
8577
8271
8266
9880
9867
9873
9867
9876
9849
8264
8263
8265
8265
6341
8276
6460
6476
8210
6491
6487
8269
8260
8263
8264
8262
8264
8265
8264
8258
8264
8264
8260
8264
8263
8264
8252
6483
6472
6487
6490
6495
6484
6493
6490
6490
6495
6494
6493
6490
6492
6490
6484
9839
6489
8329
8260
8264
8264
8263
8264
8264
6328
6146
6487
6487
6487
6484
6483
6178
6489
6488
6483
6483
6475
8276
5210
8264
4764
6482
5417
8117
8118
6491
6514
9843
6483
9834
9830
9834
6493
6494
6494
9832
8534
6484
9846
6492
9993
9974
9997
9997
9997
6498
6495
6497
6318
7802
6489
8262
9849
6373
9863
6524
6489
8185
6492
8261
8261
8260
8261
6491
6502
6375
6395
8371
8260
8262
8257
8264
8574
8268
8263
9877
9864
9870
9864
9873
9846
8261
8261
8263
8262
6338
8273
6457
6473
8207
6488
6485
8266
8258
8260
8262
8260
8262
8262
8262
8255
8262
8262
8257
8262
8261
8262
8249
6480
6469
6484
6488
6493
6482
6491
6488
6487
6492
6492
6491
6488
6490
6488
6481
9836
6486
8326
8257
8261
8262
8261
8262
8262
6326
6143
6484
6484
6485
6481
6481
6175
6486
6486
6481
6481
6476
8273
5211
8262
4762
6479
5418
8114
8115
9558
9891
6476
9543
6471
6468
6474
9970
9949
9977
6469
7413
9911
6477
9560
6497
6489
6500
6500
6500
6498
9973
9850
9497
8054
9970
7685
6498
9381
6488
9881
9931
7673
9606
7685
7685
7684
7685
9558
9792
9374
9410
7559
7684
7688
7677
7688
7427
7693
7688
6514
6491
6494
6491
6496
6478
7686
7685
7686
7685
9742
7700
9495
9523
7624
9538
9548
7689
7684
7691
7688
7683
7688
7687
7688
7682
7688
7688
7683
7688
7687
7688
7671
9881
9866
9962
9971
9959
9964
9976
9971
9969
9975
9975
9974
9971
9966
9971
9962
6478
9969
7622
7679
7684
7688
7687
7688
7688
9543
9247
9543
9543
9542
9881
9880
9043
9543
9544
9881
9881
9866
7695
7187
7688
6520
9536
7896
7540
7539
9575
9904
6479
9560
6480
6484
6488
9997
9962
9990
6474
7428
9930
6479
9552
6494
6486
6498
6498
6498
6495
9973
9846
9497
8071
9989
7699
6511
9374
6486
9869
9912
7693
9623
7702
7702
7702
7702
9575
9811
9370
9431
7554
7702
7702
7695
7706
7421
7688
7683
6511
6492
6492
6492
6497
6479
7703
7702
7704
7703
9717
7703
9515
9542
7642
9558
9565
7707
7698
7709
7702
7697
7702
7701
7702
7696
7702
7702
7697
7702
7701
7702
7689
9878
9879
9963
9968
9956
9961
9969
9968
9966
9972
9972
9971
9968
9963
9968
9959
6475
9966
7615
7697
7702
7702
7701
7702
7702
9544
9246
9561
9561
9562
9882
9883
9064
9563
9564
9884
9884
9865
7691
7182
7702
6515
9556
7891
7533
7532
9581
9894
6478
9565
6475
6471
6477
9843
9861
9849
6473
7422
9821
6479
9576
6498
6487
6500
6500
6500
6497
9850
9846
9603
8072
9843
7699
6502
9398
6489
9877
9820
7682
9572
7699
7699
7698
7699
9581
9785
9386
9428
7569
7698
7702
7691
7704
7434
7699
7695
6517
6495
6495
6495
6501
6482
7700
7699
7700
7699
9610
7714
9507
9539
7641
9552
9563
7703
7698
7705
7702
7697
7702
7701
7702
7696
7702
7702
7697
7702
7701
7702
7686
9806
9797
9827
9835
9826
9828
9838
9835
9833
9839
9839
9838
9835
9830
9835
9827
6478
9833
7619
7693
7698
7702
7701
7702
7702
9471
9170
9553
9553
9556
9808
9807
9065
9557
9558
9808
9808
9801
7701
7200
7702
6539
9550
7877
7549
7548
9256
9546
6307
9241
6304
6301
6306
9494
9509
9500
6302
7218
9485
6307
9250
6320
6315
6321
6321
6321
6318
9497
9497
9603
7838
9494
7492
6324
9071
6315
9529
9482
7476
9236
7496
7496
7495
7496
9256
9443
9061
9106
7371
7495
7495
7488
7498
7227
7495
7490
6336
6325
6320
6325
6325
6311
7496
7496
7497
7496
9263
7506
9186
9217
7440
9228
9239
7499
7491
7501
7495
7490
7495
7494
7495
7493
7495
7495
7492
7495
7494
7495
7485
9464
9455
9477
9486
9477
9479
9489
9486
9484
9490
9490
9489
9486
9486
9486
9477
6307
9484
7410
7490
7495
7495
7494
7495
7495
9247
9068
9229
9229
9232
9466
9465
8751
9233
9234
9466
9466
9470
7498
7060
7495
6453
9226
7605
7341
7340
8281
8106
7823
8271
7832
7838
7845
8071
8070
8064
7824
8136
8075
7825
8260
7801
7793
7805
7805
7805
7802
8054
8071
8072
7838
8064
8267
7845
8118
7836
8077
8048
8211
8244
8267
8267
8266
8267
8281
8085
8112
8156
8023
8266
8266
8262
8268
8147
8251
8244
7844
7845
7843
7845
7850
7834
8268
8267
8268
8267
7876
8266
8226
8250
8207
8267
8266
8272
8261
8273
8266
8260
8266
8265
8266
8262
8266
8266
8261
8266
8265
8266
8255
8046
8060
8040
8045
8036
8042
8048
8045
8044
8049
8049
8048
8045
8047
8045
8037
7820
8044
8192
8261
8266
8266
8265
8266
8266
7816
7579
8262
8262
8263
8048
8049
7861
8264
8265
8049
8049
8050
8255
6301
8266
5732
8258
6660
8098
8099
9568
9897
6473
9553
6474
6474
6480
9986
9965
9993
6468
7419
9923
6474
9549
6488
6481
6492
6492
6492
6489
9970
9989
9843
9494
8064
7690
6505
9371
6479
9866
9909
7684
9616
7694
7694
7693
7694
9568
9804
9363
9420
7550
7693
7693
7686
7698
7416
7683
7679
6508
6486
6485
6486
6491
6475
7695
7694
7695
7694
9714
7698
9504
9533
7633
9548
9558
7698
7690
7701
7693
7688
7693
7692
7693
7687
7693
7693
7688
7693
7692
7693
7680
9875
9872
9962
9971
9959
9964
9972
9971
9969
9979
9975
9974
9971
9966
9971
9962
6470
9969
7612
7689
7693
7693
7692
7693
7693
9537
9239
9551
9551
9552
9875
9876
9053
9553
9554
9877
9877
9860
7686
7178
7693
6508
9546
7884
7528
7527
7836
7743
8291
7838
8300
8309
8313
7702
7694
7691
8292
8301
7700
8294
7813
8261
8266
8265
8265
8265
8262
7685
7699
7699
7492
8267
7690
8322
7654
8307
7721
7676
9876
7798
9988
9988
9989
9988
7836
7707
7646
7729
8306
9989
9995
9984
9987
8293
9950
9941
8308
8317
8314
8317
8321
8302
9987
9988
9993
9992
7480
9976
7798
7817
9890
7819
7820
9984
9988
9972
9995
9989
9995
9993
9995
9987
9995
9995
9990
9995
9994
9995
9973
7675
7681
7666
7672
7662
7669
7675
7672
7671
7676
7676
7675
7672
7675
7672
7665
8293
7670
8379
9985
9990
9995
9993
9995
9995
7480
7250
7813
7813
7814
7678
7679
7435
7815
7818
7679
7679
7685
9956
5932
9995
5382
7809
6338
9757
9758
6520
6537
9886
6524
9897
9907
9909
6514
6507
6505
9887
8580
6512
9889
6499
9848
9841
9852
9852
9852
9849
6498
6511
6502
6324
7845
6505
8322
6380
9908
6522
6493
8234
6498
8319
8319
8320
8319
6520
6521
6379
6432
8392
8320
8321
8317
8323
8588
8291
8285
9966
9913
9915
9913
9924
9897
8318
8319
8323
8322
6336
8305
6496
6512
8258
6514
6516
8317
8320
8308
8321
8319
8321
8322
8321
8315
8321
8321
8317
8321
8320
8321
8311
6485
6495
6481
6488
6494
6485
6491
6488
6487
6492
6492
6491
6488
6491
6488
6482
9881
6487
8359
8319
8323
8321
8320
8321
8321
6326
6141
6510
6510
6511
6486
6487
6200
6513
6514
6487
6487
6483
8295
5199
8321
4755
6505
5421
8137
8138
9773
9408
6358
9763
6351
6348
6349
9371
9386
9377
6357
7396
9387
6359
9792
6372
6365
6376
6376
6376
6373
9381
9374
9398
9071
8118
9371
7654
6380
6374
9415
9399
7633
9714
7659
7659
7658
7659
9773
9362
9967
9830
7513
7658
7659
7651
7659
7416
7673
7669
6392
6369
6373
6369
6374
6357
7660
7659
7660
7660
9516
7670
9712
9739
7607
9752
9754
7663
7656
7658
7659
7654
7659
7658
7659
7653
7659
7659
7654
7659
7658
7659
7646
9353
9345
9377
9386
9378
9383
9389
9386
9384
9390
9390
9389
9386
9383
9386
9377
6363
9384
7625
7654
7659
7659
7658
7659
7659
9056
8735
9753
9753
9756
9352
9351
9387
9757
9758
9351
9351
9359
7676
7604
7659
6908
9765
7936
7808
7807
6486
6504
9958
6478
9955
9951
9955
6483
6486
6484
9953
8569
6477
9961
6497
9862
9879
9866
9866
9866
9863
6488
6486
6489
6315
7836
6479
8307
9908
6374
6523
6488
8231
6482
8306
8306
8305
8306
6486
6494
6378
6389
8439
8305
8306
8302
8309
8621
8326
8318
9932
9975
9983
9975
9984
9967
8307
8306
8308
8307
6335
8317
6453
6469
8252
6483
6482
8310
8303
8306
8306
8304
8306
8307
8306
8300
8306
8306
8302
8306
8305
8306
8295
6471
6460
6482
6486
6492
6483
6489
6486
6485
6490
6490
6489
6486
6489
6486
6480
9973
6485
8404
8302
8306
8306
8305
8306
8306
6315
6134
6479
6479
6480
6472
6471
6169
6482
6481
6471
6471
6470
8331
5205
8306
4763
6474
5419
8172
8173
9578
9959
6502
9562
6493
6491
6496
9866
9875
9873
6493
7455
9830
6502
9597
6523
6515
6527
6527
6527
6524
9881
9869
9877
9529
8077
9866
7721
6522
9415
6523
9853
7706
9593
7722
7722
7722
7722
9578
9803
9401
9424
7599
7722
7726
7715
7726
7469
7738
7736
6538
6521
6522
6521
6523
6504
7723
7722
7724
7723
9647
7736
9505
9537
7662
9549
9560
7727
7723
7729
7726
7721
7726
7725
7726
7719
7726
7726
7721
7726
7725
7726
7710
9832
9823
9873
9882
9872
9875
9885
9882
9880
9886
9886
9885
9882
9877
9882
9873
6512
9880
7653
7718
7722
7726
7725
7726
7726
9492
9183
9550
9550
9553
9834
9833
9054
9554
9555
9834
9834
9821
7741
7201
7726
6552
9547
7887
7582
7581
9562
9847
6468
9547
6462
6459
6464
9909
9920
9916
6461
7407
9942
6468
9581
6488
6480
6491
6491
6491
6489
9931
9912
9820
9482
8048
9909
7676
6493
9399
6488
9853
7657
9546
7681
7681
7680
7681
9562
9747
9394
9414
7560
7680
7680
7673
7681
7427
7700
7696
6507
6482
6487
6482
6488
6471
7682
7681
7682
7681
9691
7692
9499
9527
7620
9539
9550
7685
7677
7688
7680
7675
7680
7679
7680
7674
7680
7680
7675
7680
7679
7680
7667
9836
9827
9917
9926
9916
9919
9927
9926
9924
9930
9930
9929
9926
9921
9926
9917
6477
9924
7620
7676
7680
7680
7679
7680
7680
9506
9210
9544
9544
9545
9840
9839
9056
9546
9547
9840
9840
9841
7703
7207
7680
6537
9539
7903
7543
7542
7820
7728
8213
7811
8223
8233
8237
7696
7684
7685
8215
8236
7680
8216
7797
8184
8188
8188
8188
8188
8185
7673
7693
7682
7476
8211
7684
9876
8234
7633
8231
7706
7657
7797
9880
9880
9879
9880
7820
7695
7624
7697
8259
9879
9881
9872
9883
8241
9860
9851
8232
8242
8238
8242
8245
8226
9881
9880
9883
9882
7463
9878
7769
7792
9793
7803
7804
9888
9876
9884
9881
9875
9881
9879
9881
9873
9881
9881
9876
9881
9880
9881
9865
7662
7670
7660
7666
7656
7663
7669
7666
7665
7670
7670
7669
7666
7669
7666
7658
8217
7664
8309
9876
9881
9881
9879
9881
9881
7466
7234
7800
7800
7800
7665
7666
7418
7801
7804
7666
7666
7668
9862
5922
9881
5367
7796
6326
9664
9663
9915
9618
6474
9899
6473
6471
6475
9620
9597
9623
6469
7517
9555
6474
9902
6491
6483
6495
6495
6495
6492
9606
9623
9572
9236
8244
9616
7798
6498
9714
6482
9593
9546
7797
7802
7802
7801
7802
9915
9577
9732
9783
7639
7801
7801
7794
7806
7521
7796
7791
6506
6489
6488
6489
6494
6474
7803
7802
7803
7802
9365
7811
9875
9907
7746
9924
9926
7806
7798
7813
7801
7796
7801
7800
7801
7795
7801
7801
7796
7801
7800
7801
7792
9546
9542
9596
9601
9589
9594
9602
9601
9599
9605
9605
9604
9601
9598
9601
9592
6472
9599
7732
7796
7801
7801
7800
7801
7801
9220
8918
9925
9925
9926
9549
9550
9396
9927
9928
9550
9550
9533
7799
7421
7801
6738
9919
7753
7636
7635
7842
7744
8290
7842
8299
8308
8312
7705
7699
7695
8291
8297
7705
8292
7819
8260
8264
8263
8263
8263
8261
7685
7702
7699
7496
8267
7694
9988
8319
7659
8306
7722
7681
9880
7802
10000
9999
10000
7842
7712
7652
7731
8309
9999
9993
9984
9991
8291
9954
9945
8307
8315
8313
8315
8320
8301
9999
10000
9995
9994
7481
9976
7801
7820
9894
7823
7824
9988
9986
9984
9993
9987
9993
9991
9993
9985
9993
9993
9988
9993
9992
9993
9975
7676
7683
7670
7676
7666
7673
7679
7676
7675
7680
7680
7679
7676
7678
7676
7668
8292
7674
8376
9987
9992
9993
9991
9993
9993
7476
7246
7819
7819
7820
7679
7680
7439
7821
7823
7680
7680
7687
9960
5937
9993
5390
7815
6343
9757
9758
7842
7744
8290
7842
8299
8308
8312
7705
7699
7695
8291
8297
7705
8292
7819
8260
8264
8263
8263
8263
8261
7685
7702
7699
7496
8267
7694
9988
8319
7659
8306
7722
7681
9880
7802
10000
9999
10000
7842
7712
7652
7731
8309
9999
9993
9984
9991
8291
9954
9945
8307
8315
8313
8315
8320
8301
9999
10000
9995
9994
7481
9976
7801
7820
9894
7823
7824
9988
9986
9984
9993
9987
9993
9991
9993
9985
9993
9993
9988
9993
9992
9993
9975
7676
7683
7670
7676
7666
7673
7679
7676
7675
7680
7680
7679
7676
7678
7676
7668
8292
7674
8376
9987
9992
9993
9991
9993
9993
7476
7246
7819
7819
7820
7679
7680
7439
7821
7823
7680
7680
7687
9960
5937
9993
5390
7815
6343
9757
9758
7841
7743
8289
7843
8298
8307
8311
7705
7698
7694
8290
8298
7704
8292
7818
8259
8264
8263
8263
8263
8260
7684
7702
7698
7495
8266
7693
9989
8320
7658
8305
7722
7680
9879
7801
9999
9999
9999
7841
7711
7651
7732
8308
10000
9994
9985
9990
8291
9953
9944
8306
8315
8312
8315
8319
8300
9998
9999
9996
9995
7480
9975
7802
7821
9893
7822
7823
9987
9987
9983
9994
9988
9994
9992
9994
9986
9994
9994
9989
9994
9993
9994
9976
7676
7682
7669
7675
7665
7672
7678
7675
7674
7679
7679
7678
7675
7678
7675
7667
8291
7673
8375
9988
9993
9994
9992
9994
9994
7475
7245
7818
7818
7819
7678
7679
7439
7820
7823
7679
7679
7686
9959
5936
9994
5389
7814
6342
9756
9757
7842
7744
8290
7842
8299
8308
8312
7705
7699
7695
8291
8297
7705
8292
7819
8260
8264
8263
8263
8263
8261
7685
7702
7699
7496
8267
7694
9988
8319
7659
8306
7722
7681
9880
7802
10000
10000
9999
7842
7712
7652
7731
8309
9999
9993
9984
9991
8291
9954
9945
8307
8315
8313
8315
8320
8301
9999
10000
9995
9994
7481
9976
7801
7820
9894
7823
7824
9988
9986
9984
9993
9987
9993
9991
9993
9985
9993
9993
9988
9993
9992
9993
9975
7676
7683
7670
7676
7666
7673
7679
7676
7675
7680
7680
7679
7676
7678
7676
7668
8292
7674
8376
9987
9992
9993
9991
9993
9993
7476
7246
7819
7819
7820
7679
7680
7439
7821
7823
7680
7680
7687
9960
5937
9993
5390
7815
6343
9757
9758
10000
9617
6476
9984
6480
6486
6490
9576
9580
9569
6474
7541
9589
6476
9973
6490
6482
6494
6494
6494
6491
9558
9575
9581
9256
8281
9568
7836
6520
9773
6486
9578
9562
7820
9915
7842
7842
7841
7842
9569
9765
9830
7661
7841
7841
7833
7842
7539
7824
7819
6516
6493
6492
6493
6498
6480
7843
7842
7843
7842
9321
7839
9922
9956
7784
9969
9971
7847
7837
7855
7841
7836
7841
7840
7841
7835
7841
7841
7836
7841
7840
7841
7829
9532
9553
9538
9547
9537
9544
9550
9547
9545
9551
9551
9550
9547
9544
9547
9538
6475
9545
7752
7836
7841
7841
7840
7841
7841
9202
8900
9970
9970
9973
9533
9534
9437
9974
9975
9534
9534
9543
7827
7437
7841
6753
9966
7764
7662
7662
9569
9842
6487
9553
6490
6496
6499
9812
9797
9801
6484
7453
9769
6488
9542
6503
6493
6505
6505
6505
6502
9792
9811
9785
9443
8085
9804
7707
6521
9362
6494
9803
9747
7695
9577
7712
7712
7711
7712
9569
9354
9421
7545
7711
7712
7705
7717
7447
7693
7689
6517
6509
6500
6509
6506
6489
7713
7712
7713
7712
9549
7708
9501
9530
7656
9544
9547
7716
7708
7718
7712
7707
7712
7711
7712
7705
7712
7712
7707
7712
7711
7712
7699
9759
9756
9774
9779
9771
9772
9784
9779
9777
9787
9783
9782
9779
9776
9779
9770
6485
9777
7617
7707
7711
7712
7711
7712
7712
9416
9112
9549
9549
9548
9754
9755
9052
9549
9550
9755
9755
9734
7696
7175
7712
6536
9542
7823
7538
7537
9765
9395
6359
9749
6354
6351
6350
9367
9378
9370
6359
7394
9382
6360
9784
6374
6366
6378
6378
6378
6375
9374
9370
9386
9061
8112
9363
7646
6379
9967
6378
9401
9394
7624
9732
7652
7652
7651
7652
9765
9354
9852
7508
7651
7651
7643
7651
7414
7667
7663
6393
6372
6377
6372
6377
6358
7652
7652
7653
7652
9500
7662
9740
9765
7602
9780
9774
7656
7647
7651
7651
7646
7651
7650
7651
7645
7651
7651
7646
7651
7650
7651
7639
9345
9335
9373
9378
9369
9375
9381
9378
9376
9382
9382
9381
9378
9375
9378
9369
6367
9376
7623
7646
7651
7651
7650
7651
7651
9050
8729
9781
9781
9784
9346
9345
9407
9785
9786
9345
9345
9354
7673
7619
7651
6923
9793
7933
7795
7794
9830
9464
6383
9832
6388
6397
6392
9434
9430
9421
6387
7439
9447
6384
9803
6394
6387
6398
6398
6398
6395
9410
9431
9428
9106
8156
9420
7729
6432
9830
6389
9424
9414
7697
9783
7731
7731
7732
7731
9830
9421
9852
7526
7732
7734
7726
7731
7425
7699
7694
6416
6397
6395
6397
6400
6382
7730
7731
7734
7734
9374
7716
9848
9862
7671
9845
9839
7727
7736
7720
7734
7729
7734
7733
7734
7727
7734
7734
7729
7734
7733
7734
7738
9387
9398
9394
9399
9389
9396
9402
9399
9397
9403
9403
9402
9399
9396
9399
9390
6379
9397
7634
7729
7733
7734
7733
7734
7734
9089
8771
9846
9846
9849
9388
9389
9505
9850
9853
9389
9389
9394
7705
7525
7734
6841
9858
7834
7701
7700
7661
7589
8424
7650
8416
8405
8421
7552
7563
7555
8412
8272
7550
8427
7677
8370
8386
8374
8374
8374
8371
7559
7554
7569
7371
8023
7550
8306
8392
7513
8439
7599
7560
8259
7639
8309
8309
8308
8309
7661
7545
7508
7526
8308
8309
8301
8311
8311
8326
8321
8414
8417
8423
8417
8424
8429
8310
8309
8311
8310
7376
8322
7608
7629
8246
7644
7640
8314
8306
8315
8309
8307
8309
8310
8309
8301
8309
8309
8304
8309
8308
8309
8297
7524
7519
7554
7560
7568
7561
7563
7560
7559
7564
7564
7563
7560
7563
7560
7553
8427
7558
8224
8305
8309
8309
8308
8309
8309
7337
7130
7640
7640
7641
7525
7524
7214
7644
7643
7524
7524
7525
8330
5989
8309
5443
7636
6259
8160
8161
7841
7743
8289
7843
8298
8307
8311
7705
7698
7694
8290
8298
7704
8292
7818
8259
8264
8263
8263
8263
8260
7684
7702
7698
7495
8266
7693
9989
8320
7658
8305
7722
7680
9879
7801
9999
9999
10000
9999
7841
7711
7651
7732
8308
9994
9985
9990
8291
9953
9944
8306
8315
8312
8315
8319
8300
9998
9999
9996
9995
7480
9975
7802
7821
9893
7822
7823
9987
9987
9983
9994
9988
9994
9992
9994
9986
9994
9994
9989
9994
9993
9994
9976
7676
7682
7669
7675
7665
7672
7678
7675
7674
7679
7679
7678
7675
7678
7675
7667
8291
7673
8375
9988
9993
9994
9992
9994
9994
7475
7245
7818
7818
7819
7678
7679
7439
7820
7823
7679
7679
7686
9959
5936
9994
5389
7814
6342
9756
9757
7841
7747
8290
7843
8300
8308
8312
7705
7698
7694
8292
8298
7705
8293
7818
8261
8265
8264
8264
8264
8262
7688
7702
7702
7495
8266
7693
9995
8321
7659
8306
7726
7680
9881
7801
9993
9993
9994
9993
7841
7712
7651
7734
8309
9994
9987
9992
8293
9955
9946
8307
8316
8313
8316
8320
8301
9992
9993
9998
9997
7483
9981
7802
7822
9895
7823
7825
9989
9993
9977
10000
9994
10000
9998
10000
9992
10000
10000
9995
10000
9999
10000
9978
7680
7686
7669
7675
7665
7672
7678
7675
7674
7679
7679
7678
7675
7678
7675
7668
8292
7673
8377
9990
9995
10000
9998
10000
10000
7479
7249
7818
7818
7819
7682
7683
7440
7820
7823
7683
7683
7690
9961
5937
10000
5386
7814
6342
9762
9763
7833
7737
8286
7835
8295
8304
8308
7698
7691
7687
8287
8294
7698
8288
7810
8256
8260
8259
8259
8259
8257
7677
7695
7691
7488
8262
7686
9984
8317
7651
8302
7715
7673
9872
7794
9984
9984
9985
9984
7833
7705
7643
7726
8301
9985
9987
9983
8287
9946
9937
8303
8311
8309
8311
8316
8297
9983
9984
9989
9988
7474
9968
7795
7815
9886
7815
7817
9980
9980
9968
9987
9981
9987
9985
9987
9979
9987
9987
9982
9987
9986
9987
9969
7669
7675
7662
7668
7658
7665
7671
7668
7667
7672
7672
7671
7668
7671
7668
7661
8288
7666
8372
9981
9986
9987
9985
9987
9987
7470
7241
7811
7811
7812
7672
7673
7432
7813
7815
7673
7673
7679
9952
5929
9987
5380
7807
6334
9749
9750
7842
7748
8293
7842
8302
8312
8314
7709
7703
7698
8294
8296
7705
8295
7819
8265
8267
8267
8267
8267
8264
7688
7706
7704
7498
8268
7698
9987
8323
7659
8309
7726
7681
9883
7806
9991
9991
9990
9991
7842
7717
7651
7731
8311
9990
9992
9983
8289
9953
9944
8310
8319
8316
8319
8322
8303
9990
9991
9994
9993
7485
9975
7801
7820
9893
7823
7824
9987
9985
9975
9992
9986
9992
9990
9992
9984
9992
9992
9987
9992
9991
9992
9974
7680
7687
7674
7679
7669
7676
7682
7679
7678
7683
7683
7682
7679
7682
7679
7672
8296
7678
8380
9986
9991
9992
9990
9992
9992
7479
7249
7819
7819
7819
7683
7684
7439
7820
7822
7684
7684
7686
9959
5936
9992
5386
7815
6342
9756
9757
7539
7452
8596
7529
8595
8591
8599
7418
7426
7423
8592
9924
7418
8598
7553
8573
8567
8577
8577
8577
8574
7427
7421
7434
7227
8147
7416
8293
8588
7416
8621
7469
7427
8241
7521
8291
8291
8291
8291
7539
7447
7414
7425
8311
8291
8293
8287
8289
8312
8305
8609
8609
8616
8609
8617
8607
8292
8291
8293
8293
7268
8302
7494
7515
8258
7530
7530
8296
8289
8296
8293
8287
8293
8293
8293
8286
8293
8293
8288
8293
8292
8293
8280
7407
7398
7423
7428
7433
7425
7431
7428
7427
7432
7432
7431
7428
7425
7428
7422
8613
7427
8289
8288
8292
8293
8292
8293
8293
7218
6968
7526
7526
7526
7408
7407
7173
7529
7528
7407
7407
7415
8312
5901
8293
5357
7522
6223
8155
8154
7824
7724
8294
7810
8292
8289
8297
7685
7694
7689
8290
8280
7687
8296
7838
8267
8271
8271
8271
8271
8268
7693
7688
7699
7495
8251
7683
9950
8291
7673
8326
7738
7700
9860
7796
9954
9954
9953
9954
7824
7693
7667
7699
8326
9953
9955
9946
9953
8312
9985
8310
8319
8323
8319
8322
8304
9955
9954
9957
9956
7497
9970
7770
7789
9870
7805
7806
9962
9948
9958
9955
9949
9955
9953
9955
9947
9955
9955
9950
9955
9954
9955
9937
7677
7665
7689
7695
7685
7692
7698
7695
7694
7699
7699
7698
7695
7698
7695
7687
8311
7693
8392
9949
9954
9955
9953
9955
9955
7474
7244
7799
7799
7800
7680
7679
7417
7801
7802
7679
7679
7687
9986
5948
9955
5397
7795
6354
9780
9781
7819
7720
8286
7807
8284
8280
8288
7681
7689
7685
8282
8272
7682
8289
7834
8262
8266
8266
8266
8266
8263
7688
7683
7695
7490
8244
7679
9941
8285
7669
8318
7736
7696
9851
7791
9945
9945
9944
9945
7819
7689
7663
7694
8321
9944
9946
9937
9944
8305
9985
8304
8311
8314
8311
8313
8298
9946
9945
9948
9947
7492
9961
7765
7786
9859
7800
7801
9953
9939
9949
9946
9940
9946
9944
9946
9946
9946
9946
9945
9946
9945
9946
9928
7672
7660
7685
7690
7680
7687
7693
7690
7689
7694
7694
7693
7690
7693
7690
7683
8302
7689
8385
9940
9945
9946
9944
9946
9946
7477
7247
7796
7796
7797
7675
7674
7414
7798
7799
7674
7674
7682
9977
5944
9946
5393
7792
6350
9771
9772
6516
6532
9910
6508
9907
9903
9909
6509
6515
6513
9905
8565
6509
9913
6516
9876
9869
9880
9880
9880
9877
6514
6511
6517
6336
7844
6508
8308
9966
6392
9932
6538
6507
8232
6506
8307
8307
8306
8307
6516
6517
6393
6416
8414
8306
8307
8303
8310
8609
8310
8304
9937
9939
9937
9946
9921
8307
8307
8309
8308
6352
8318
6482
6496
8252
6510
6512
8312
8303
8306
8307
8305
8307
8308
8307
8301
8307
8307
8302
8307
8306
8307
8295
6496
6491
6496
6504
6509
6501
6507
6504
6503
6508
6508
6507
6504
6506
6504
6496
9905
6502
8375
8302
8307
8307
8306
8307
8307
6339
6154
6507
6507
6507
6497
6496
6197
6509
6508
6496
6496
6497
8315
5215
8307
4771
6502
5434
8158
8159
6493
6514
9953
6486
9950
9946
9950
6490
6493
6492
9948
8568
6485
9956
6491
9863
9880
9867
9867
9867
9864
6491
6492
6495
6325
7845
6486
8317
9913
6369
9975
6521
6482
8242
6489
8315
8315
8315
8315
6493
6509
6372
6397
8417
8315
8316
8311
8319
8609
8319
8311
9937
9988
10000
9989
9962
8316
8315
8317
8317
6329
8327
6459
6476
8262
6490
6489
8320
8312
8315
8316
8314
8316
8317
8316
8310
8316
8316
8311
8316
8315
8316
8304
6486
6475
6478
6481
6487
6479
6484
6481
6481
6486
6485
6484
6481
6484
6481
6475
9948
6480
8393
8312
8316
8316
8315
8316
8316
6330
6143
6486
6486
6487
6487
6486
6175
6489
6488
6486
6486
6480
8324
5200
8316
4766
6481
5424
8165
8166
6492
6510
9955
6484
9952
9948
9952
6489
6492
6490
9950
8568
6483
9958
6495
9869
9886
9873
9873
9873
9870
6494
6492
6495
6320
7843
6485
8314
9915
6373
9983
6522
6487
8238
6488
8313
8313
8312
8313
6492
6500
6377
6395
8423
8312
8313
8309
8316
8616
8323
8314
9939
9988
9988
9991
9964
8314
8313
8315
8314
6334
8325
6459
6475
8259
6489
6488
8317
8310
8313
8313
8311
8313
8314
8313
8307
8313
8313
8309
8313
8312
8313
8302
6477
6466
6482
6486
6491
6483
6489
6486
6485
6490
6490
6489
6486
6488
6486
6479
9956
6484
8401
8309
8313
8313
8312
8313
8313
6321
6134
6485
6485
6486
6478
6477
6175
6488
6487
6477
6477
6476
8328
5203
8313
4762
6480
5419
8169
8170
6493
6514
9953
6486
9950
9946
9950
6490
6493
6492
9948
8568
6485
9956
6491
9863
9880
9867
9867
9867
9864
6491
6492
6495
6325
7845
6486
8317
9913
6369
9975
6521
6482
8242
6489
8315
8315
8315
8315
6493
6509
6372
6397
8417
8315
8316
8311
8319
8609
8319
8311
9937
10000
9988
9989
9962
8316
8315
8317
8317
6329
8327
6459
6476
8262
6490
6489
8320
8312
8315
8316
8314
8316
8317
8316
8310
8316
8316
8311
8316
8315
8316
8304
6486
6475
6478
6481
6487
6479
6484
6481
6481
6486
6485
6484
6481
6484
6481
6475
9948
6480
8393
8312
8316
8316
8315
8316
8316
6330
6143
6486
6486
6487
6487
6486
6175
6489
6488
6486
6486
6480
8324
5200
8316
4766
6481
5424
8165
8166
6498
6516
9962
6489
9961
9957
9961
6495
6498
6496
9959
8573
6489
9965
6495
9872
9889
9876
9876
9876
9873
6496
6497
6501
6325
7850
6491
8321
9924
6374
9984
6523
6488
8245
6494
8320
8320
8319
8320
6498
6506
6377
6400
8424
8319
8320
8316
8322
8617
8322
8313
9946
9989
9991
9989
9971
8321
8320
8322
8321
6334
8332
6464
6480
8266
6495
6494
8324
8317
8320
8320
8318
8320
8321
8320
8314
8320
8320
8315
8320
8319
8320
8309
6482
6471
6483
6486
6492
6484
6489
6486
6486
6491
6490
6489
6486
6489
6486
6479
9957
6485
8400
8316
8320
8320
8319
8320
8320
6327
6139
6491
6491
6492
6483
6483
6181
6494
6493
6483
6483
6482
8327
5203
8320
4763
6486
5420
8168
8169
6480
6498
9987
6472
9984
9970
9988
6478
6480
6479
9982
8561
6472
9990
6478
9845
9866
9849
9849
9849
9846
6478
6479
6482
6311
7834
6475
8302
9897
6357
9967
6504
6471
8226
6474
8301
8301
8300
8301
6480
6489
6358
6382
8429
8300
8301
8297
8303
8607
8304
8298
9921
9962
9964
9962
9971
8302
8301
8303
8302
6316
8311
6445
6463
8248
6476
6477
8307
8298
8300
8301
8299
8301
8302
8301
8295
8301
8301
8296
8301
8300
8301
8289
6465
6454
6463
6468
6474
6466
6471
6468
6468
6473
6472
6471
6468
6471
6468
6462
9972
6467
8391
8297
8301
8301
8300
8301
8301
6307
6128
6473
6473
6474
6466
6465
6163
6476
6475
6465
6465
6464
8308
5187
8301
4749
6468
5404
8150
8151
7843
7745
8291
7841
8299
8309
8313
7706
7700
7695
8291
8296
7706
8293
7820
8260
8265
8264
8264
8264
8261
7686
7703
7700
7496
8268
7695
9987
8318
7660
8307
7723
7682
9881
7803
9999
9999
9998
9999
7843
7713
7652
7730
8310
9998
9992
9983
9990
8292
9955
9946
8307
8316
8314
8316
8321
8302
9999
9994
9993
7482
9977
7800
7819
9895
7824
7825
9989
9985
9985
9992
9986
9992
9990
9992
9984
9992
9992
9987
9992
9991
9992
9974
7677
7684
7671
7677
7666
7674
7680
7677
7676
7681
7681
7680
7677
7679
7677
7669
8293
7675
8377
9986
9991
9992
9990
9992
9992
7476
7247
7820
7820
7820
7680
7681
7440
7821
7823
7681
7681
7687
9961
5937
9992
5390
7816
6343
9758
9759
7842
7744
8290
7842
8299
8308
8312
7705
7699
7695
8291
8297
7705
8292
7819
8260
8264
8263
8263
8263
8261
7685
7702
7699
7496
8267
7694
9988
8319
7659
8306
7722
7681
9880
7802
10000
10000
9999
10000
7842
7712
7652
7731
8309
9999
9993
9984
9991
8291
9954
9945
8307
8315
8313
8315
8320
8301
9999
9995
9994
7481
9976
7801
7820
9894
7823
7824
9988
9986
9984
9993
9987
9993
9991
9993
9985
9993
9993
9988
9993
9992
9993
9975
7676
7683
7670
7676
7666
7673
7679
7676
7675
7680
7680
7679
7676
7678
7676
7668
8292
7674
8376
9987
9992
9993
9991
9993
9993
7476
7246
7819
7819
7820
7679
7680
7439
7821
7823
7680
7680
7687
9960
5937
9993
5390
7815
6343
9757
9758
7843
7745
8292
7845
8301
8310
8314
7707
7700
7696
8293
8300
7706
8294
7820
8262
8266
8265
8265
8265
8263
7686
7704
7700
7497
8268
7695
9993
8323
7660
8308
7724
7682
9883
7803
9995
9995
9996
9995
7843
7713
7653
7734
8311
9996
9998
9989
9994
8293
9957
9948
8309
8317
8315
8317
8322
8303
9994
9995
9999
7482
9979
7804
7823
9897
7824
7825
9991
9991
9979
9998
9992
9998
9996
9998
9990
9998
9998
9993
9998
9997
9998
9980
7678
7684
7671
7677
7667
7674
7680
7677
7676
7681
7681
7680
7677
7680
7677
7669
8294
7675
8378
9992
9997
9998
9996
9998
9998
7477
7247
7820
7820
7821
7680
7681
7441
7822
7825
7681
7681
7688
9963
5938
9998
5388
7816
6344
9760
9761
7842
7745
8291
7844
8300
8309
8313
7706
7699
7695
8292
8299
7705
8294
7819
8261
8266
8265
8265
8265
8262
7685
7703
7699
7496
8267
7694
9992
8322
7660
8307
7723
7681
9882
7802
9994
9994
9995
9994
7842
7712
7652
7734
8310
9995
9997
9988
9993
8293
9956
9947
8308
8317
8314
8317
8321
8302
9993
9994
9999
7482
9978
7803
7822
9896
7823
7825
9990
9990
9978
9997
9991
9997
9995
9997
9989
9997
9997
9992
9997
9996
9997
9979
7677
7683
7670
7676
7666
7673
7679
7676
7675
7680
7680
7679
7676
7679
7676
7668
8293
7674
8377
9991
9996
9997
9995
9997
9997
7476
7246
7819
7819
7820
7680
7681
7440
7821
7824
7681
7681
7687
9962
5938
9997
5387
7815
6343
9759
9760
9321
9641
6319
9313
6312
6309
6310
9714
9694
9721
6316
7249
9664
6319
9339
6337
6328
6341
6341
6341
6338
9742
9717
9610
9263
7876
9714
7480
6336
9516
6335
9647
9691
7463
9365
7481
7481
7480
7481
9321
9549
9500
9374
7376
7480
7483
7474
7485
7268
7497
7492
6352
6329
6334
6329
6334
6316
7482
7481
7482
7482
7495
9261
9285
7429
9300
9311
7488
7479
7480
7483
7478
7483
7482
7483
7476
7483
7483
7478
7483
7482
7483
7467
9630
9615
9722
9731
9719
9724
9736
9731
9729
9735
9735
9734
9731
9726
9731
9722
6323
9729
7456
7476
7481
7483
7482
7483
7483
9332
9020
9305
9305
9304
9630
9629
8973
9305
9306
9630
9630
9615
7502
7310
7483
6652
9312
8031
7648
7647
7839
7742
8301
7825
8307
8304
8311
7700
7709
7704
8303
8282
7702
8304
7831
8272
8276
8276
8276
8276
8273
7700
7703
7714
7506
8266
7698
9976
8305
7670
8317
7736
7692
9878
7811
9976
9976
9975
9976
7839
7708
7662
7716
8322
9975
9981
9968
9975
8302
9970
9961
8318
8327
8325
8327
8332
8311
9977
9976
9979
9978
7495
7785
7804
9888
7820
7821
9984
9974
9976
9981
9975
9981
9979
9981
9973
9981
9981
9976
9981
9980
9981
9959
7692
7683
7681
7687
7677
7684
7690
7687
7686
7691
7691
7690
7687
7690
7687
7680
8302
7685
8387
9971
9976
9981
9979
9981
9981
7488
7259
7814
7814
7815
7695
7696
7436
7816
7817
7696
7696
7702
9976
5944
9981
5393
7810
6351
9776
9777
9922
9546
6440
9924
6445
6455
6455
9518
9512
9505
6439
7510
9525
6441
9895
6456
6449
6460
6460
6460
6457
9495
9515
9507
9186
8226
9504
7798
6496
9712
6453
9505
9499
7769
9875
7801
7801
7802
7801
9922
9501
9740
9848
7608
7802
7802
7795
7801
7494
7770
7765
6482
6459
6459
6459
6464
6445
7800
7801
7804
7803
9261
7785
9954
7732
9937
9931
7796
7805
7800
7802
7798
7802
7801
7802
7796
7802
7802
7798
7802
7801
7802
7814
9471
9487
9479
9484
9474
9481
9487
9484
9482
9488
9488
9487
9484
9481
9484
9475
6442
9482
7705
7798
7802
7802
7801
7802
7802
9141
8840
9940
9940
9943
9472
9473
9411
9944
9947
9473
9473
9480
7772
7419
7802
6744
9942
7722
7611
7611
9956
9577
6459
9958
6463
6471
6473
9545
9543
9534
6457
7528
9554
6459
9929
6472
6465
6476
6476
6476
6473
9523
9542
9539
9217
8250
9533
7817
6512
9739
6469
9537
9527
7792
9907
7820
7820
7821
7820
9956
9530
9765
9862
7629
7821
7822
7815
7820
7515
7789
7786
6496
6476
6475
6476
6480
6463
7819
7820
7823
7822
9285
7804
9954
7757
9969
9965
7815
7824
7819
7822
7817
7822
7821
7822
7815
7822
7822
7817
7822
7821
7822
7818
9497
9516
9505
9512
9502
9509
9515
9512
9510
9516
9516
9515
9512
9509
9512
9503
6459
9510
7727
7817
7821
7822
7821
7822
7822
9167
8866
9970
9970
9973
9498
9499
9437
9974
9977
9499
9499
9511
7792
7438
7822
6759
9966
7740
7628
7627
7784
7684
8235
7779
8245
8255
8259
7645
7639
7634
8237
8253
7645
8238
7761
8206
8210
8210
8210
8210
8207
7624
7642
7641
7440
8207
7633
9890
8258
7607
8252
7662
7620
9793
7746
9894
9894
9893
9894
7784
7656
7602
7671
8246
9893
9895
9886
9893
8258
9870
9859
8252
8262
8259
8262
8266
8248
9895
9894
9897
9896
7429
9888
7732
7757
7768
7769
9900
9889
9888
9895
9889
9895
9893
9895
9887
9895
9895
9890
9895
9894
9895
9879
7615
7622
7609
7615
7605
7612
7618
7615
7614
7619
7619
7618
7615
7618
7615
7607
8239
7613
8316
9889
9894
9895
9893
9895
9895
7421
7191
7763
7763
7764
7618
7619
7383
7765
7767
7619
7619
7626
9874
5899
9895
5354
7759
6305
9680
9681
9969
9588
6473
9953
6477
6483
6486
9559
9555
9549
6471
7534
9566
6473
9942
6487
6479
6491
6491
6491
6488
9538
9558
9552
9228
8267
9548
7819
6514
9752
6483
9549
9539
7803
9924
7823
7823
7822
7823
9969
9544
9780
9845
7644
7822
7823
7815
7823
7530
7805
7800
6510
6490
6489
6490
6495
6476
7824
7823
7824
7823
9300
7820
9937
9969
7768
9982
7828
7820
7836
7823
7819
7823
7822
7823
7816
7823
7823
7819
7823
7822
7823
7812
9515
9532
9522
9527
9515
9524
9530
9527
9525
9531
9531
9530
9527
9524
9527
9518
6472
9527
7738
7819
7822
7823
7822
7823
7823
9185
8884
9985
9985
9988
9516
9517
9451
9989
9990
9517
9517
9520
7808
7454
7823
6766
9981
7758
7645
7644
9971
9599
6469
9955
6476
6483
6487
9566
9566
9559
6470
7530
9577
6470
9944
6484
6477
6487
6487
6487
6485
9548
9565
9563
9239
8266
9558
7820
6516
9754
6482
9560
9550
7804
9926
7824
7824
7823
7824
9971
9547
9774
9839
7640
7823
7825
7817
7824
7530
7806
7801
6512
6489
6488
6489
6494
6477
7825
7824
7825
7825
9311
7821
9931
9965
7769
9982
7829
7821
7837
7825
7820
7825
7824
7825
7818
7825
7825
7820
7825
7824
7825
7813
9518
9539
9529
9537
9526
9534
9540
9537
9535
9541
9541
9540
9537
9534
9537
9529
6472
9537
7746
7820
7824
7825
7824
7825
7825
9188
8887
9979
9979
9982
9519
9520
9449
9983
9984
9520
9520
9525
7809
7446
7825
6764
9975
7759
7646
7645
7847
7748
8294
7837
8304
8314
8318
7710
7704
7699
8296
8294
7710
8297
7824
8265
8269
8269
8269
8269
8266
7689
7707
7703
7499
8272
7698
9984
8317
7663
8310
7727
7685
9888
7806
9988
9988
9987
9988
7847
7716
7656
7727
8314
9987
9989
9980
9987
8296
9962
9953
8312
8320
8317
8320
8324
8307
9989
9988
9991
9990
7488
9984
7796
7815
9900
7828
7829
9982
9984
9989
9983
9989
9987
9989
9981
9989
9989
9984
9989
9988
9989
9971
7681
7688
7674
7680
7670
7677
7683
7680
7679
7684
7684
7683
7680
7683
7680
7673
8298
7678
8382
9983
9988
9989
9987
9989
9989
7479
7250
7822
7822
7823
7684
7685
7444
7824
7827
7685
7685
7691
9968
5939
9989
5390
7818
6347
9765
9766
7837
7744
8286
7839
8295
8305
8309
7701
7695
7690
8287
8293
7701
8288
7814
8257
8262
8260
8260
8260
8258
7684
7698
7698
7491
8261
7690
9988
8320
7656
8303
7723
7677
9876
7798
9986
9986
9987
9986
7837
7708
7647
7736
8306
9987
9993
9980
9985
8289
9948
9939
8303
8312
8310
8312
8317
8298
9985
9986
9991
9990
7479
9974
7805
7824
9889
7820
7821
9982
9970
9993
9987
9993
9991
9993
9985
9993
9993
9988
9993
9992
9993
9985
7676
7682
7666
7672
7661
7669
7675
7672
7671
7676
7676
7675
7672
7674
7672
7664
8289
7670
8374
9987
9992
9993
9991
9993
9993
7477
7245
7814
7814
7815
7679
7680
7436
7816
7819
7680
7680
7686
9954
5934
9993
5384
7810
6339
9755
9756
7855
7749
8289
7841
8298
8305
8311
7710
7706
7701
8290
8290
7712
8292
7832
8259
8264
8263
8263
8263
8260
7691
7709
7705
7501
8273
7701
9972
8308
7658
8306
7729
7688
9884
7813
9984
9984
9983
9984
7855
7718
7651
7720
8315
9983
9977
9968
9975
8296
9958
9949
8306
8315
8313
8315
8320
8300
9985
9984
9979
9978
7480
9976
7800
7819
9888
7836
7837
9984
9970
9977
9971
9977
9975
9977
9969
9977
9977
9972
9977
9976
9977
9959
7683
7695
7677
7682
7672
7679
7685
7682
7681
7686
7686
7685
7682
7685
7682
7675
8291
7681
8382
9971
9976
9977
9975
9977
9977
7482
7252
7830
7830
7831
7686
7687
7446
7832
7833
7687
7687
7693
9960
5936
9977
5389
7826
6342
9757
9758
7841
7747
8290
7843
8300
8308
8312
7705
7698
7694
8292
8298
7705
8293
7818
8261
8265
8264
8264
8264
8262
7688
7702
7702
7495
8266
7693
9995
8321
7659
8306
7726
7680
9881
7801
9993
9993
9994
9993
7841
7712
7651
7734
8309
9994
10000
9987
9992
8293
9955
9946
8307
8316
8313
8316
8320
8301
9992
9993
9998
9997
7483
9981
7802
7822
9895
7823
7825
9989
9993
9977
9994
10000
9998
10000
9992
10000
10000
9995
10000
9999
10000
9978
7680
7686
7669
7675
7665
7672
7678
7675
7674
7679
7679
7678
7675
7678
7675
7668
8292
7673
8377
9990
9995
10000
9998
10000
10000
7479
7249
7818
7818
7819
7682
7683
7440
7820
7823
7683
7683
7690
9961
5937
10000
5386
7814
6342
9762
9763
7836
7743
8288
7838
8298
8306
8310
7700
7694
7689
8290
8292
7700
8291
7813
8259
8263
8262
8262
8262
8260
7683
7697
7697
7490
8260
7688
9989
8319
7654
8304
7721
7675
9875
7796
9987
9987
9988
9987
7836
7707
7646
7729
8307
9988
9994
9981
9986
8287
9949
9940
8305
8314
8311
8314
8318
8299
9986
9987
9992
9991
7478
9975
7798
7817
9889
7819
7820
9983
9987
9971
9994
9994
9992
9994
9986
9994
9994
9989
9994
9993
9994
9972
7675
7681
7664
7670
7660
7667
7673
7670
7669
7674
7674
7673
7670
7673
7670
7663
8290
7668
8375
9984
9989
9994
9992
9994
9994
7474
7244
7813
7813
7814
7678
7679
7435
7815
7818
7679
7679
7685
9955
5931
9994
5381
7809
6337
9756
9757
7841
7747
8290
7843
8300
8308
8312
7705
7698
7694
8292
8298
7705
8293
7818
8261
8265
8264
8264
8264
8262
7688
7702
7702
7495
8266
7693
9995
8321
7659
8306
7726
7680
9881
7801
9993
9993
9994
9993
7841
7712
7651
7734
8309
9994
10000
9987
9992
8293
9955
9946
8307
8316
8313
8316
8320
8301
9992
9993
9998
9997
7483
9981
7802
7822
9895
7823
7825
9989
9993
9977
10000
9994
9998
10000
9992
10000
10000
9995
10000
9999
10000
9978
7680
7686
7669
7675
7665
7672
7678
7675
7674
7679
7679
7678
7675
7678
7675
7668
8292
7673
8377
9990
9995
10000
9998
10000
10000
7479
7249
7818
7818
7819
7682
7683
7440
7820
7823
7683
7683
7690
9961
5937
10000
5386
7814
6342
9762
9763
7840
7746
8291
7842
8300
8309
8313
7704
7697
7693
8292
8299
7704
8294
7817
8261
8266
8265
8265
8265
8262
7687
7701
7701
7494
8265
7692
9993
8322
7658
8307
7725
7679
9879
7800
9991
9991
9992
9991
7840
7711
7650
7733
8310
9992
9998
9985
9990
8293
9953
9944
8308
8317
8314
8317
8321
8302
9990
9991
9996
9995
7482
9979
7801
7821
9893
7822
7824
9987
9991
9975
9998
9992
9998
9998
9990
9998
9998
9993
9998
9997
9998
9976
7679
7685
7668
7674
7664
7671
7677
7674
7673
7678
7678
7677
7674
7677
7674
7667
8293
7672
8377
9988
9993
9998
9996
9998
9998
7478
7250
7817
7817
7818
7681
7682
7439
7819
7822
7682
7682
7689
9959
5936
9998
5385
7813
6341
9760
9761
7841
7747
8290
7843
8300
8308
8312
7705
7698
7694
8292
8298
7705
8293
7818
8261
8265
8264
8264
8264
8262
7688
7702
7702
7495
8266
7693
9995
8321
7659
8306
7726
7680
9881
7801
9993
9993
9994
9993
7841
7712
7651
7734
8309
9994
10000
9987
9992
8293
9955
9946
8307
8316
8313
8316
8320
8301
9992
9993
9998
9997
7483
9981
7802
7822
9895
7823
7825
9989
9993
9977
10000
9994
10000
9998
9992
10000
10000
9995
10000
9999
10000
9978
7680
7686
7669
7675
7665
7672
7678
7675
7674
7679
7679
7678
7675
7678
7675
7668
8292
7673
8377
9990
9995
10000
9998
10000
10000
7479
7249
7818
7818
7819
7682
7683
7440
7820
7823
7683
7683
7690
9961
5937
10000
5386
7814
6342
9762
9763
7835
7741
8284
7837
8293
8302
8306
7699
7692
7688
8285
8292
7698
8287
7812
8254
8259
8258
8258
8258
8255
7682
7696
7696
7493
8262
7687
9987
8315
7653
8300
7719
7674
9873
7795
9985
9985
9986
9985
7835
7705
7645
7727
8301
9986
9992
9979
9984
8286
9947
9946
8301
8310
8307
8310
8314
8295
9984
9985
9990
9989
7476
9973
7796
7815
9887
7816
7818
9981
9985
9969
9992
9986
9992
9990
9992
9992
9992
9991
9992
9991
9992
9970
7673
7680
7663
7669
7659
7666
7672
7669
7668
7673
7673
7672
7669
7672
7669
7661
8286
7667
8369
9982
9987
9992
9990
9992
9992
7483
7256
7812
7812
7813
7676
7677
7433
7814
7817
7677
7677
7684
9953
5932
9992
5380
7808
6336
9754
9755
7841
7747
8290
7843
8300
8308
8312
7705
7698
7694
8292
8298
7705
8293
7818
8261
8265
8264
8264
8264
8262
7688
7702
7702
7495
8266
7693
9995
8321
7659
8306
7726
7680
9881
7801
9993
9993
9994
9993
7841
7712
7651
7734
8309
9994
10000
9987
9992
8293
9955
9946
8307
8316
8313
8316
8320
8301
9992
9993
9998
9997
7483
9981
7802
7822
9895
7823
7825
9989
9993
9977
10000
9994
10000
9998
10000
9992
10000
9995
10000
9999
10000
9978
7680
7686
7669
7675
7665
7672
7678
7675
7674
7679
7679
7678
7675
7678
7675
7668
8292
7673
8377
9990
9995
10000
9998
10000
10000
7479
7249
7818
7818
7819
7682
7683
7440
7820
7823
7683
7683
7690
9961
5937
10000
5386
7814
6342
9762
9763
7841
7747
8290
7843
8300
8308
8312
7705
7698
7694
8292
8298
7705
8293
7818
8261
8265
8264
8264
8264
8262
7688
7702
7702
7495
8266
7693
9995
8321
7659
8306
7726
7680
9881
7801
9993
9993
9994
9993
7841
7712
7651
7734
8309
9994
10000
9987
9992
8293
9955
9946
8307
8316
8313
8316
8320
8301
9992
9993
9998
9997
7483
9981
7802
7822
9895
7823
7825
9989
9993
9977
10000
9994
10000
9998
10000
9992
10000
9995
10000
9999
10000
9978
7680
7686
7669
7675
7665
7672
7678
7675
7674
7679
7679
7678
7675
7678
7675
7668
8292
7673
8377
9990
9995
10000
9998
10000
10000
7479
7249
7818
7818
7819
7682
7683
7440
7820
7823
7683
7683
7690
9961
5937
10000
5386
7814
6342
9762
9763
7836
7743
8285
7838
8295
8303
8307
7700
7694
7689
8287
8293
7700
8288
7813
8256
8260
8260
8260
8260
8257
7683
7697
7697
7492
8261
7688
9990
8317
7654
8302
7721
7675
9876
7796
9988
9988
9989
9988
7836
7707
7646
7729
8304
9989
9995
9982
9987
8288
9950
9945
8302
8311
8309
8311
8315
8296
9987
9988
9993
9992
7478
9976
7798
7817
9890
7819
7820
9984
9988
9972
9995
9989
9995
9993
9995
9991
9995
9995
9995
9994
9995
9973
7675
7681
7664
7670
7660
7667
7673
7670
7669
7674
7674
7673
7670
7673
7670
7663
8287
7668
8372
9985
9990
9995
9993
9995
9995
7479
7250
7813
7813
7814
7678
7679
7435
7815
7818
7679
7679
7685
9956
5932
9995
5383
7809
6338
9757
9758
7841
7747
8290
7843
8300
8308
8312
7705
7698
7694
8292
8298
7705
8293
7818
8261
8265
8264
8264
8264
8262
7688
7702
7702
7495
8266
7693
9995
8321
7659
8306
7726
7680
9881
7801
9993
9993
9994
9993
7841
7712
7651
7734
8309
9994
10000
9987
9992
8293
9955
9946
8307
8316
8313
8316
8320
8301
9992
9993
9998
9997
7483
9981
7802
7822
9895
7823
7825
9989
9993
9977
10000
9994
10000
9998
10000
9992
10000
10000
9995
9999
10000
9978
7680
7686
7669
7675
7665
7672
7678
7675
7674
7679
7679
7678
7675
7678
7675
7668
8292
7673
8377
9990
9995
10000
9998
10000
10000
7479
7249
7818
7818
7819
7682
7683
7440
7820
7823
7683
7683
7690
9961
5937
10000
5386
7814
6342
9762
9763
7840
7746
8289
7842
8299
8307
8311
7704
7697
7693
8291
8297
7704
8292
7817
8260
8264
8263
8263
8263
8261
7687
7701
7701
7494
8265
7692
9994
8320
7658
8305
7725
7679
9880
7800
9992
9992
9993
9992
7840
7711
7650
7733
8308
9993
9999
9986
9991
8292
9954
9945
8306
8315
8312
8315
8319
8300
9991
9992
9997
9996
7482
9980
7801
7821
9894
7822
7824
9988
9992
9976
9999
9993
9999
9997
9999
9991
9999
9999
9994
9999
9999
9977
7679
7685
7668
7674
7664
7671
7677
7674
7673
7678
7678
7677
7674
7677
7674
7667
8291
7672
8376
9989
9994
9999
9997
9999
9999
7478
7250
7817
7817
7818
7681
7682
7440
7819
7822
7682
7682
7689
9960
5938
9999
5387
7813
6343
9761
9762
7841
7747
8290
7843
8300
8308
8312
7705
7698
7694
8292
8298
7705
8293
7818
8261
8265
8264
8264
8264
8262
7688
7702
7702
7495
8266
7693
9995
8321
7659
8306
7726
7680
9881
7801
9993
9993
9994
9993
7841
7712
7651
7734
8309
9994
10000
9987
9992
8293
9955
9946
8307
8316
8313
8316
8320
8301
9992
9993
9998
9997
7483
9981
7802
7822
9895
7823
7825
9989
9993
9977
10000
9994
10000
9998
10000
9992
10000
10000
9995
10000
9999
9978
7680
7686
7669
7675
7665
7672
7678
7675
7674
7679
7679
7678
7675
7678
7675
7668
8292
7673
8377
9990
9995
10000
9998
10000
10000
7479
7249
7818
7818
7819
7682
7683
7440
7820
7823
7683
7683
7690
9961
5937
10000
5386
7814
6342
9762
9763
7829
7732
8277
7831
8286
8296
8300
7692
7686
7681
8278
8286
7692
8279
7806
8248
8252
8252
8252
8252
8249
7671
7689
7686
7485
8255
7680
9973
8311
7646
8295
7710
7667
9865
7792
9975
9975
9976
9975
7829
7699
7639
7738
8297
9976
9978
9969
9974
8280
9937
9928
8295
8304
8302
8304
8309
8289
9974
9975
9980
9979
7467
9959
7814
7818
9879
7812
7813
9971
9985
9959
9978
9972
9978
9976
9978
9970
9978
9978
9973
9978
9977
9978
7663
7671
7656
7662
7653
7659
7665
7662
7661
7666
7666
7665
7662
7665
7662
7654
8280
7660
8364
9976
9981
9978
9976
9978
9978
7467
7233
7808
7808
7809
7665
7666
7428
7810
7812
7666
7666
7674
9949
5927
9978
5376
7804
6331
9740
9741
9532
9849
6464
9516
6459
6456
6460
9875
9872
9878
6458
7402
9844
6465
9527
6479
6473
6483
6483
6483
6480
9881
9878
9806
9464
8046
9875
7675
6485
9353
6471
9832
9836
7662
9546
7676
7676
7676
7676
9532
9759
9345
9387
7524
7676
7680
7669
7680
7407
7677
7672
6496
6486
6477
6486
6482
6465
7677
7676
7678
7677
9630
7692
9471
9497
7615
9515
9518
7681
7676
7683
7680
7675
7680
7679
7680
7673
7680
7680
7675
7680
7679
7680
7663
9971
9859
9864
9854
9857
9869
9864
9862
9872
9868
9867
9864
9859
9864
9855
6462
9864
7601
7671
7676
7680
7679
7680
7680
9636
9320
9518
9518
9517
9992
9991
9023
9518
9519
9992
9992
9967
7680
7166
7680
6509
9511
7949
7527
7527
9553
9861
6452
9537
6453
6460
6464
9880
9867
9873
6447
7407
9857
6453
9526
6468
6461
6472
6472
6472
6469
9866
9879
9797
9455
8060
9872
7681
6495
9345
6460
9823
9827
7670
9542
7683
7683
7682
7683
9553
9756
9335
9398
7519
7682
7686
7675
7687
7398
7665
7660
6491
6475
6466
6475
6471
6454
7684
7683
7684
7683
9615
7683
9487
9516
7622
9532
9539
7688
7682
7695
7686
7681
7686
7685
7686
7680
7686
7686
7681
7686
7685
7686
7671
9971
9842
9851
9839
9844
9854
9851
9849
9855
9855
9854
9851
9846
9851
9842
6449
9851
7595
7677
7682
7686
7685
7686
7686
9619
9302
9531
9531
9534
9975
9976
9040
9535
9536
9977
9977
9948
7667
7157
7686
6500
9528
7936
7516
7515
9538
9867
6463
9523
6457
6454
6458
9960
9953
9969
6455
7406
9893
6463
9556
6483
6475
6487
6487
6487
6484
9962
9963
9827
9477
8040
9962
7666
6481
9377
6482
9873
9917
7660
9596
7670
7670
7669
7670
9538
9774
9373
9394
7554
7669
7669
7662
7674
7423
7689
7685
6496
6478
6482
6478
6483
6463
7671
7670
7671
7670
9722
7681
9479
9505
7609
9522
9529
7674
7666
7677
7669
7664
7669
7668
7669
7663
7669
7669
7664
7669
7668
7669
7656
9859
9842
9991
9979
9984
9984
9991
9981
9983
9987
9986
9991
9986
9991
9982
6472
9989
7617
7665
7669
7669
7668
7669
7669
9525
9227
9525
9525
9526
9863
9862
9027
9527
9528
9863
9863
9846
7692
7195
7669
6520
9520
7902
7532
7531
9547
9876
6466
9532
6461
6458
6464
9965
9962
9978
6459
7410
9902
6467
9565
6487
6479
6490
6490
6490
6488
9971
9968
9835
9486
8045
9971
7672
6488
9386
6486
9882
9926
7666
9601
7676
7676
7675
7676
9547
9779
9378
9399
7560
7675
7675
7668
7679
7428
7695
7690
6504
6481
6486
6481
6486
6468
7677
7676
7677
7676
9731
7687
9484
9512
7615
9527
9537
7680
7672
7682
7675
7670
7675
7674
7675
7669
7675
7675
7670
7675
7674
7675
7662
9864
9851
9991
9988
9993
9993
10000
9990
9992
9996
9995
10000
9995
10000
9991
6476
9998
7624
7670
7675
7675
7674
7675
7675
9530
9232
9530
9530
9531
9868
9867
9032
9532
9533
9868
9868
9853
7698
7198
7675
6524
9525
7907
7538
7537
9537
9866
6471
9522
6465
6463
6469
9953
9952
9966
6464
7415
9892
6472
9555
6492
6484
6495
6495
6495
6493
9959
9956
9826
9477
8036
9959
7662
6494
9378
6492
9872
9916
7656
9589
7666
7666
7665
7666
9537
9771
9369
9389
7568
7665
7665
7658
7669
7433
7685
7680
6509
6487
6491
6487
6492
6474
7666
7666
7667
7666
9719
7677
9474
9502
7605
9515
9526
7670
7661
7672
7665
7660
7665
7664
7665
7659
7665
7665
7660
7665
7664
7665
7653
9854
9839
9979
9988
9981
9981
9988
9978
9980
9984
9983
9988
9983
9988
9979
6481
9988
7630
7660
7665
7665
7664
7665
7665
9518
9220
9520
9520
9521
9856
9855
9022
9522
9523
9856
9856
9843
7687
7189
7665
6520
9515
7899
7528
7527
9544
9869
6467
9529
6458
6455
6461
9958
9955
9971
6456
7410
9895
6467
9562
6481
6473
6484
6484
6484
6482
9964
9961
9828
9479
8042
9964
7669
6485
9383
6483
9875
9919
7663
9594
7673
7673
7672
7673
9544
9772
9375
9396
7561
7672
7672
7665
7676
7425
7692
7687
6501
6479
6483
6479
6484
6466
7674
7673
7674
7673
9724
7684
9481
9509
7612
9524
9534
7677
7669
7679
7672
7667
7672
7671
7672
7666
7672
7672
7667
7672
7671
7672
7659
9857
9844
9984
9993
9981
9986
9993
9983
9985
9989
9988
9993
9988
9993
9984
6473
9991
7621
7667
7672
7672
7671
7672
7672
9523
9225
9527
9527
9528
9861
9860
9029
9529
9530
9861
9861
9850
7695
7195
7672
6522
9522
7904
7535
7534
9550
9879
6469
9535
6464
6461
6467
9966
9955
9979
6462
7413
9903
6470
9568
6490
6482
6493
6493
6493
6491
9976
9969
9838
9489
8048
9972
7675
6491
9389
6489
9885
9927
7669
9602
7679
7679
7678
7679
9550
9784
9381
9402
7563
7678
7678
7671
7682
7431
7698
7693
6507
6484
6489
6484
6489
6471
7680
7679
7680
7679
9736
7690
9487
9515
7618
9530
9540
7683
7675
7685
7678
7673
7678
7677
7678
7672
7678
7678
7673
7678
7677
7678
7665
9869
9854
9984
9993
9981
9986
9993
9993
9993
9997
9998
9993
9988
9993
9984
6479
9991
7627
7673
7678
7678
7677
7678
7678
9531
9235
9535
9535
9534
9869
9868
9035
9535
9536
9869
9869
9854
7701
7193
7678
6522
9528
7902
7541
7540
9547
9876
6466
9532
6461
6458
6464
9965
9962
9978
6459
7410
9902
6467
9565
6487
6479
6490
6490
6490
6488
9971
9968
9835
9486
8045
9971
7672
6488
9386
6486
9882
9926
7666
9601
7676
7676
7675
7676
9547
9779
9378
9399
7560
7675
7675
7668
7679
7428
7695
7690
6504
6481
6486
6481
6486
6468
7677
7676
7677
7676
9731
7687
9484
9512
7615
9527
9537
7680
7672
7682
7675
7670
7675
7674
7675
7669
7675
7675
7670
7675
7674
7675
7662
9864
9851
9991
10000
9988
9993
9993
9990
9992
9996
9995
10000
9995
10000
9991
6476
9998
7624
7670
7675
7675
7674
7675
7675
9530
9232
9530
9530
9531
9868
9867
9032
9532
9533
9868
9868
9853
7698
7198
7675
6524
9525
7907
7538
7537
9545
9874
6466
9530
6460
6457
6463
9963
9952
9976
6458
7409
9900
6466
9563
6486
6478
6490
6490
6490
6487
9969
9966
9833
9484
8044
9969
7671
6487
9384
6485
9880
9924
7665
9599
7675
7675
7674
7675
9545
9777
9376
9397
7559
7674
7674
7667
7678
7427
7694
7689
6503
6481
6485
6481
6486
6468
7676
7675
7676
7675
9729
7686
9482
9510
7614
9525
9535
7679
7671
7681
7674
7669
7674
7673
7674
7668
7674
7674
7669
7674
7673
7674
7661
9862
9849
9981
9990
9978
9983
9993
9990
9990
9994
9995
9990
9985
9990
9981
6475
9988
7623
7669
7674
7674
7673
7674
7674
9528
9230
9528
9528
9529
9866
9865
9030
9530
9531
9866
9866
9851
7697
7188
7674
6517
9523
7897
7537
7536
9551
9880
6471
9536
6465
6462
6468
9969
9954
9982
6463
7414
9906
6471
9569
6491
6483
6495
6495
6495
6492
9975
9972
9839
9490
8049
9979
7676
6492
9390
6490
9886
9930
7670
9605
7680
7680
7679
7680
9551
9787
9382
9403
7564
7679
7679
7672
7683
7432
7699
7694
6508
6486
6490
6486
6491
6473
7681
7680
7681
7680
9735
7691
9488
9516
7619
9531
9541
7684
7676
7686
7679
7674
7679
7678
7679
7673
7679
7679
7674
7679
7678
7679
7666
9872
9855
9983
9992
9980
9985
9993
9992
9990
9996
9995
9992
9987
9992
9983
6480
9990
7628
7674
7679
7679
7678
7679
7679
9534
9236
9534
9534
9535
9872
9871
9036
9536
9537
9872
9872
9857
7702
7194
7679
6523
9529
7903
7542
7541
9551
9880
6470
9536
6465
6462
6468
9969
9958
9982
6463
7414
9906
6471
9569
6491
6483
6494
6494
6494
6492
9975
9972
9839
9490
8049
9975
7676
6492
9390
6490
9886
9930
7670
9605
7680
7680
7679
7680
9551
9783
9382
9403
7564
7679
7679
7672
7683
7432
7699
7694
6508
6485
6490
6485
6490
6472
7681
7680
7681
7680
9735
7691
9488
9516
7619
9531
9541
7684
7676
7686
7679
7674
7679
7678
7679
7673
7679
7679
7674
7679
7678
7679
7666
9868
9855
9987
9996
9984
9989
9997
9996
9994
9996
9999
9996
9991
9996
9987
6480
9994
7628
7674
7679
7679
7678
7679
7679
9534
9236
9534
9534
9535
9872
9871
9036
9536
9537
9872
9872
9857
7702
7194
7679
6523
9529
7903
7542
7541
9550
9879
6469
9535
6464
6461
6467
9968
9957
9981
6462
7413
9905
6470
9568
6490
6482
6493
6493
6493
6491
9974
9971
9838
9489
8048
9974
7675
6491
9389
6489
9885
9929
7669
9604
7679
7679
7678
7679
9550
9782
9381
9402
7563
7678
7678
7671
7682
7431
7698
7693
6507
6484
6489
6484
6489
6471
7680
7679
7680
7679
9734
7690
9487
9515
7618
9530
9540
7683
7675
7685
7678
7673
7678
7677
7678
7672
7678
7678
7673
7678
7677
7678
7665
9867
9854
9986
9995
9983
9988
9998
9995
9995
9995
9999
9995
9990
9995
9986
6479
9993
7627
7673
7678
7678
7677
7678
7678
9533
9235
9533
9533
9534
9871
9870
9035
9535
9536
9871
9871
9856
7701
7193
7678
6522
9528
7902
7541
7540
9547
9876
6466
9532
6461
6458
6464
9965
9962
9978
6459
7410
9902
6467
9565
6487
6479
6490
6490
6490
6488
9971
9968
9835
9486
8045
9971
7672
6488
9386
6486
9882
9926
7666
9601
7676
7676
7675
7676
9547
9779
9378
9399
7560
7675
7675
7668
7679
7428
7695
7690
6504
6481
6486
6481
6486
6468
7677
7676
7677
7676
9731
7687
9484
9512
7615
9527
9537
7680
7672
7682
7675
7670
7675
7674
7675
7669
7675
7675
7670
7675
7674
7675
7662
9864
9851
9991
10000
9988
9993
9993
10000
9990
9992
9996
9995
9995
10000
9991
6476
9998
7624
7670
7675
7675
7674
7675
7675
9530
9232
9530
9530
9531
9868
9867
9032
9532
9533
9868
9868
9853
7698
7198
7675
6524
9525
7907
7538
7537
9544
9871
6468
9529
6462
6460
6466
9960
9957
9973
6461
7407
9897
6469
9562
6489
6481
6492
6492
6492
6490
9966
9963
9830
9486
8047
9966
7675
6491
9383
6489
9877
9921
7669
9598
7678
7678
7678
7678
9544
9776
9375
9396
7563
7678
7678
7671
7682
7425
7698
7693
6506
6484
6488
6484
6489
6471
7679
7678
7680
7679
9726
7690
9481
9509
7618
9524
9534
7683
7674
7685
7678
7673
7678
7677
7678
7672
7678
7678
7673
7678
7677
7678
7665
9859
9846
9986
9995
9983
9988
9988
9995
9985
9987
9991
9990
9995
9995
9986
6478
9993
7627
7673
7678
7678
7677
7678
7678
9525
9233
9527
9527
9528
9863
9862
9029
9529
9530
9863
9863
9848
7700
7195
7678
6525
9522
7902
7541
7540
9547
9876
6466
9532
6461
6458
6464
9965
9962
9978
6459
7410
9902
6467
9565
6487
6479
6490
6490
6490
6488
9971
9968
9835
9486
8045
9971
7672
6488
9386
6486
9882
9926
7666
9601
7676
7676
7675
7676
9547
9779
9378
9399
7560
7675
7675
7668
7679
7428
7695
7690
6504
6481
6486
6481
6486
6468
7677
7676
7677
7676
9731
7687
9484
9512
7615
9527
9537
7680
7672
7682
7675
7670
7675
7674
7675
7669
7675
7675
7670
7675
7674
7675
7662
9864
9851
9991
10000
9988
9993
9993
10000
9990
9992
9996
9995
10000
9995
9991
6476
9998
7624
7670
7675
7675
7674
7675
7675
9530
9232
9530
9530
9531
9868
9867
9032
9532
9533
9868
9868
9853
7698
7198
7675
6524
9525
7907
7538
7537
9538
9867
6460
9523
6454
6454
6456
9956
9953
9969
6453
7404
9893
6461
9556
6483
6472
6484
6484
6484
6481
9962
9959
9827
9477
8037
9962
7665
6482
9377
6480
9873
9917
7658
9592
7668
7668
7667
7668
9538
9770
9369
9390
7553
7667
7668
7661
7672
7422
7687
7683
6496
6475
6479
6475
6479
6462
7669
7668
7669
7668
9722
7680
9475
9503
7607
9518
9529
7673
7664
7675
7668
7663
7668
7667
7668
7661
7668
7668
7663
7668
7667
7668
7654
9855
9842
9982
9991
9979
9984
9984
9991
9981
9983
9987
9986
9991
9986
9991
6469
9989
7617
7663
7667
7668
7667
7668
7668
9521
9223
9521
9521
9522
9859
9858
9023
9523
9524
9859
9859
9844
7690
7189
7668
6518
9516
7898
7530
7530
6475
6493
9963
6468
9960
9956
9960
6474
6475
6474
9958
8562
6468
9966
6485
9835
9856
9839
9839
9839
9836
6478
6475
6478
6307
7820
6470
8293
9881
6363
9973
6512
6477
8217
6472
8292
8292
8291
8292
6475
6485
6367
6379
8427
8291
8292
8288
8296
8613
8311
8302
9905
9948
9956
9948
9957
9972
8293
8292
8294
8293
6323
8302
6442
6459
8239
6472
6472
8298
8289
8291
8292
8290
8292
8293
8292
8286
8292
8292
8287
8292
8291
8292
8280
6462
6449
6472
6476
6481
6473
6479
6476
6475
6480
6480
6479
6476
6478
6476
6469
6474
8401
8288
8292
8292
8291
8292
8292
6304
6124
6470
6470
6471
6463
6463
6158
6472
6472
6463
6463
6459
8316
5194
8292
4756
6465
5411
8157
8158
9545
9874
6465
9530
6460
6456
6462
9963
9960
9976
6458
7409
9900
6466
9563
6485
6478
6489
6489
6489
6486
9969
9966
9833
9484
8044
9969
7670
6487
9384
6485
9880
9924
7664
9599
7674
7674
7673
7674
9545
9777
9376
9397
7558
7673
7673
7666
7678
7427
7693
7689
6502
6480
6484
6480
6485
6467
7675
7674
7675
7674
9729
7685
9482
9510
7613
9527
9537
7678
7670
7681
7673
7668
7673
7672
7673
7667
7673
7673
7668
7673
7672
7673
7660
9864
9851
9989
9998
9988
9991
9991
9998
9988
9990
9994
9993
9998
9993
9998
9989
6474
7623
7669
7673
7673
7672
7673
7673
9530
9232
9528
9528
9529
9868
9867
9030
9530
9531
9868
9868
9851
7696
7196
7673
6523
9523
7905
7536
7535
7752
7639
8381
7740
8381
8377
8383
7614
7622
7619
8377
8257
7612
8384
7766
8325
8339
8329
8329
8329
8326
7622
7615
7619
7410
8192
7612
8379
8359
7625
8404
7653
7620
8309
7732
8376
8376
8375
8376
7752
7617
7623
7634
8224
8375
8377
8372
8380
8289
8392
8385
8375
8393
8401
8393
8400
8391
8377
8376
8378
8377
7456
8387
7705
7727
8316
7738
7746
8382
8374
8382
8377
8375
8377
8377
8377
8369
8377
8377
8372
8377
8376
8377
8364
7601
7595
7617
7624
7630
7621
7627
7624
7623
7628
7628
7627
7624
7627
7624
7617
8401
7623
8373
8376
8377
8376
8377
8377
7375
7145
7736
7736
7739
7601
7600
7374
7742
7741
7600
7600
7603
8397
6046
8377
5562
7734
6383
8233
8234
7836
7739
8285
7838
8295
8304
8308
7700
7694
7689
8287
8293
7700
8288
7813
8256
8260
8260
8260
8260
8257
7679
7697
7693
7490
8261
7689
9985
8319
7654
8302
7718
7676
9876
7796
9987
9987
9988
9987
7836
7707
7646
7729
8305
9988
9990
9981
9986
8288
9949
9940
8302
8312
8309
8312
8316
8297
9986
9987
9992
9991
7476
9971
7798
7817
9889
7819
7820
9983
9987
9971
9990
9984
9990
9988
9990
9982
9990
9990
9985
9990
9989
9990
9976
7671
7677
7665
7670
7660
7667
7673
7670
7669
7674
7674
7673
7670
7673
7670
7663
8288
7669
8373
9995
9990
9988
9990
9990
7474
7242
7813
7813
7814
7674
7675
7435
7815
7818
7675
7675
7681
9955
5932
9990
5382
7809
6338
9752
9755
7841
7744
8290
7843
8299
8308
8312
7705
7698
7694
8291
8298
7704
8293
7818
8260
8265
8264
8264
8264
8261
7684
7702
7698
7495
8266
7693
9990
8323
7659
8306
7722
7680
9881
7801
9992
9992
9993
9992
7841
7711
7651
7733
8309
9993
9995
9986
9991
8292
9954
9945
8307
8316
8313
8316
8320
8301
9991
9992
9997
9996
7481
9976
7802
7821
9894
7822
7824
9988
9992
9976
9995
9989
9995
9993
9995
9987
9995
9995
9990
9995
9994
9995
9981
7676
7682
7669
7675
7665
7672
7678
7675
7674
7679
7679
7678
7675
7678
7675
7667
8292
7673
8376
9995
9995
9993
9995
9995
7477
7247
7818
7818
7819
7679
7680
7439
7820
7823
7680
7680
7686
9960
5937
9995
5386
7814
6342
9757
9760
7841
7747
8290
7843
8300
8308
8312
7705
7698
7694
8292
8298
7705
8293
7818
8261
8265
8264
8264
8264
8262
7688
7702
7702
7495
8266
7693
9995
8321
7659
8306
7726
7680
9881
7801
9993
9993
9994
9993
7841
7712
7651
7734
8309
9994
10000
9987
9992
8293
9955
9946
8307
8316
8313
8316
8320
8301
9992
9993
9998
9997
7483
9981
7802
7822
9895
7823
7825
9989
9993
9977
10000
9994
10000
9998
10000
9992
10000
10000
9995
10000
9999
10000
9978
7680
7686
7669
7675
7665
7672
7678
7675
7674
7679
7679
7678
7675
7678
7675
7668
8292
7673
8377
9990
9995
9998
10000
10000
7479
7249
7818
7818
7819
7682
7683
7440
7820
7823
7683
7683
7690
9961
5937
10000
5386
7814
6342
9762
9763
7840
7746
8289
7842
8299
8307
8311
7704
7697
7693
8291
8297
7704
8292
7817
8260
8264
8263
8263
8263
8261
7687
7701
7701
7494
8265
7692
9993
8320
7658
8305
7725
7679
9879
7800
9991
9991
9992
9991
7840
7711
7650
7733
8308
9992
9998
9985
9990
8292
9953
9944
8306
8315
8312
8315
8319
8300
9990
9991
9996
9995
7482
9979
7801
7821
9893
7822
7824
9987
9991
9975
9998
9992
9998
9996
9998
9990
9998
9998
9993
9998
9997
9998
9976
7679
7685
7668
7674
7664
7671
7677
7674
7673
7678
7678
7677
7674
7677
7674
7667
8291
7672
8376
9988
9993
9998
9998
9998
7478
7248
7817
7817
7818
7681
7682
7439
7819
7822
7682
7682
7689
9959
5936
9998
5385
7813
6341
9760
9761
7841
7747
8290
7843
8300
8308
8312
7705
7698
7694
8292
8298
7705
8293
7818
8261
8265
8264
8264
8264
8262
7688
7702
7702
7495
8266
7693
9995
8321
7659
8306
7726
7680
9881
7801
9993
9993
9994
9993
7841
7712
7651
7734
8309
9994
10000
9987
9992
8293
9955
9946
8307
8316
8313
8316
8320
8301
9992
9993
9998
9997
7483
9981
7802
7822
9895
7823
7825
9989
9993
9977
10000
9994
10000
9998
10000
9992
10000
10000
9995
10000
9999
10000
9978
7680
7686
7669
7675
7665
7672
7678
7675
7674
7679
7679
7678
7675
7678
7675
7668
8292
7673
8377
9990
9995
10000
9998
10000
7479
7249
7818
7818
7819
7682
7683
7440
7820
7823
7683
7683
7690
9961
5937
10000
5386
7814
6342
9762
9763
7841
7747
8290
7843
8300
8308
8312
7705
7698
7694
8292
8298
7705
8293
7818
8261
8265
8264
8264
8264
8262
7688
7702
7702
7495
8266
7693
9995
8321
7659
8306
7726
7680
9881
7801
9993
9993
9994
9993
7841
7712
7651
7734
8309
9994
10000
9987
9992
8293
9955
9946
8307
8316
8313
8316
8320
8301
9992
9993
9998
9997
7483
9981
7802
7822
9895
7823
7825
9989
9993
9977
10000
9994
10000
9998
10000
9992
10000
10000
9995
10000
9999
10000
9978
7680
7686
7669
7675
7665
7672
7678
7675
7674
7679
7679
7678
7675
7678
7675
7668
8292
7673
8377
9990
9995
10000
9998
10000
7479
7249
7818
7818
7819
7682
7683
7440
7820
7823
7683
7683
7690
9961
5937
10000
5386
7814
6342
9762
9763
9202
9509
6306
9186
6301
6299
6303
9541
9534
9544
6305
7212
9524
6307
9197
6325
6318
6328
6328
6328
6326
9543
9544
9471
9247
7816
9537
7480
6326
9056
6315
9492
9506
7466
9220
7476
7476
7475
7476
9202
9416
9050
9089
7337
7475
7479
7470
7479
7218
7474
7477
6339
6330
6321
6330
6327
6307
7476
7476
7477
7476
9332
7488
9141
9167
7421
9185
9188
7479
7477
7482
7479
7474
7479
7478
7479
7483
7479
7479
7479
7479
7478
7479
7467
9636
9619
9525
9530
9518
9523
9531
9530
9528
9534
9534
9533
9530
9525
9530
9521
6304
9530
7375
7474
7477
7479
7478
7479
7479
9321
9186
9186
9187
9642
9641
8789
9188
9189
9642
9642
9613
7476
7023
7479
6392
9181
7745
7354
7355
8900
9201
6128
8885
6124
6122
6124
9243
9238
9246
6127
6962
9230
6128
8895
6142
6133
6146
6146
6146
6143
9247
9246
9170
9068
7579
9239
7250
6141
8735
6134
9183
9210
7234
8918
7246
7246
7245
7246
8900
9112
8729
8771
7130
7245
7249
7241
7249
6968
7244
7247
6154
6143
6134
6143
6139
6128
7247
7246
7247
7246
9020
7259
8840
8866
7191
8884
8887
7250
7245
7252
7249
7244
7249
7250
7249
7256
7249
7249
7250
7249
7250
7249
7233
9320
9302
9227
9232
9220
9225
9235
9232
9230
9236
9236
9235
9232
9233
9232
9223
6124
9232
7145
7242
7247
7249
7248
7249
7249
9321
8883
8883
8884
9322
9321
8468
8885
8886
9322
9322
9295
7246
6799
7249
6143
8878
7418
7100
7101
9970
9589
6469
9954
6473
6481
6483
9563
9558
9552
6467
7528
9571
6469
9943
6483
6477
6487
6487
6487
6484
9543
9561
9553
9229
8262
9551
7813
6510
9753
6479
9550
9544
7800
9925
7819
7819
7818
7819
9970
9549
9781
9846
7640
7818
7818
7811
7819
7526
7799
7796
6507
6486
6485
6486
6491
6473
7820
7819
7820
7819
9305
7814
9940
9970
7763
9985
9979
7822
7814
7830
7818
7813
7818
7817
7818
7812
7818
7818
7813
7818
7817
7818
7808
9518
9531
9525
9530
9520
9527
9535
9530
9528
9534
9534
9533
9530
9527
9530
9521
6470
9528
7736
7813
7818
7818
7817
7818
7818
9186
8883
10000
9991
9517
9518
9452
9992
9993
9518
9518
9525
7802
7451
7818
6773
9984
7760
7640
7639
9970
9589
6469
9954
6473
6481
6483
9563
9558
9552
6467
7528
9571
6469
9943
6483
6477
6487
6487
6487
6484
9543
9561
9553
9229
8262
9551
7813
6510
9753
6479
9550
9544
7800
9925
7819
7819
7818
7819
9970
9549
9781
9846
7640
7818
7818
7811
7819
7526
7799
7796
6507
6486
6485
6486
6491
6473
7820
7819
7820
7819
9305
7814
9940
9970
7763
9985
9979
7822
7814
7830
7818
7813
7818
7817
7818
7812
7818
7818
7813
7818
7817
7818
7808
9518
9531
9525
9530
9520
9527
9535
9530
9528
9534
9534
9533
9530
9527
9530
9521
6470
9528
7736
7813
7818
7818
7817
7818
7818
9186
8883
10000
9991
9517
9518
9452
9992
9993
9518
9518
9525
7802
7451
7818
6773
9984
7760
7640
7639
9973
9592
6469
9957
6474
6482
6484
9563
9559
9553
6468
7529
9572
6470
9946
6484
6477
6487
6487
6487
6485
9542
9562
9556
9232
8263
9552
7814
6511
9756
6480
9553
9545
7800
9926
7820
7820
7819
7820
9973
9548
9784
9849
7641
7819
7819
7812
7819
7526
7800
7797
6507
6487
6486
6487
6492
6474
7820
7820
7821
7820
9304
7815
9943
9973
7764
9988
9982
7823
7815
7831
7819
7814
7819
7818
7819
7813
7819
7819
7814
7819
7818
7819
7809
9517
9534
9526
9531
9521
9528
9534
9531
9529
9535
9535
9534
9531
9528
9531
9522
6471
9529
7739
7814
7819
7819
7818
7819
7819
9187
8884
9991
9991
9518
9519
9455
9995
9996
9519
9519
9526
7803
7454
7819
6772
9987
7762
7641
7640
9533
9851
6465
9517
6460
6457
6461
9879
9876
9882
6459
7403
9848
6466
9528
6480
6474
6484
6484
6484
6481
9881
9882
9808
9466
8048
9875
7678
6486
9352
6472
9834
9840
7665
9549
7679
7679
7678
7679
9533
9754
9346
9388
7525
7678
7682
7672
7683
7408
7680
7675
6497
6487
6478
6487
6483
6466
7680
7679
7680
7680
9630
7695
9472
9498
7618
9516
9519
7684
7679
7686
7682
7678
7682
7681
7682
7676
7682
7682
7678
7682
7681
7682
7665
9992
9975
9863
9868
9856
9861
9869
9868
9866
9872
9872
9871
9868
9863
9868
9859
6463
9868
7601
7674
7679
7682
7681
7682
7682
9642
9322
9517
9517
9518
9999
9024
9519
9520
9998
9998
9969
7682
7167
7682
6509
9512
7947
7529
7529
9534
9852
6464
9518
6461
6458
6462
9880
9877
9883
6460
7404
9849
6465
9527
6480
6474
6483
6483
6483
6481
9880
9883
9807
9465
8049
9876
7679
6487
9351
6471
9833
9839
7666
9550
7680
7680
7679
7680
9534
9755
9345
9389
7524
7679
7683
7673
7684
7407
7679
7674
6496
6486
6477
6486
6483
6465
7681
7680
7681
7681
9629
7696
9473
9499
7619
9517
9520
7685
7680
7687
7683
7679
7683
7682
7683
7677
7683
7683
7679
7683
7682
7683
7666
9991
9976
9862
9867
9855
9860
9868
9867
9865
9871
9871
9870
9867
9862
9867
9858
6463
9867
7600
7675
7680
7683
7682
7683
7683
9641
9321
9518
9518
9519
9999
9025
9520
9521
9999
9999
9968
7682
7166
7683
6508
9513
7946
7529
7529
9437
9091
6164
9421
6168
6173
6173
9065
9063
9054
6165
7177
9099
6164
9410
6174
6166
6178
6178
6178
6175
9043
9064
9065
8751
7861
9053
7435
6200
9387
6169
9054
9056
7418
9396
7439
7439
7439
7439
9437
9052
9407
9505
7214
7439
7440
7432
7439
7173
7417
7414
6197
6175
6175
6175
6181
6163
7440
7439
7441
7440
8973
7436
9411
9437
7383
9451
9449
7444
7436
7446
7440
7435
7440
7439
7440
7433
7440
7440
7435
7440
7440
7440
7428
9023
9040
9027
9032
9022
9029
9035
9032
9030
9036
9036
9035
9032
9029
9032
9023
6158
9030
7374
7435
7439
7440
7439
7440
7440
8789
8468
9452
9452
9455
9024
9025
9456
9457
9025
9025
9036
7424
7624
7440
6927
9464
7950
7389
7388
9974
9593
6471
9958
6476
6483
6486
9564
9560
9554
6470
7532
9573
6472
9947
6485
6479
6489
6489
6489
6486
9543
9563
9557
9233
8264
9553
7815
6513
9757
6482
9554
9546
7801
9927
7821
7821
7820
7821
9974
9549
9785
9850
7644
7820
7820
7813
7820
7529
7801
7798
6509
6489
6488
6489
6494
6476
7821
7821
7822
7821
9305
7816
9944
9974
7765
9989
9983
7824
7816
7832
7820
7815
7820
7819
7820
7814
7820
7820
7815
7820
7819
7820
7810
9518
9535
9527
9532
9522
9529
9535
9532
9530
9536
9536
9535
9532
9529
9532
9523
6472
9530
7742
7815
7820
7820
7819
7820
7820
9188
8885
9992
9992
9995
9519
9520
9456
9997
9520
9520
9527
7804
7455
7820
6773
9988
7760
7642
7641
9975
9596
6470
9961
6475
6484
6485
9567
9561
9555
6469
7533
9574
6471
9948
6485
6478
6488
6488
6488
6486
9544
9564
9558
9234
8265
9554
7818
6514
9758
6481
9555
9547
7804
9928
7823
7823
7823
7823
9975
9550
9786
9853
7643
7823
7823
7815
7822
7528
7802
7799
6508
6488
6487
6488
6493
6475
7823
7823
7825
7824
9306
7817
9947
9977
7767
9990
9984
7827
7819
7833
7823
7818
7823
7822
7823
7817
7823
7823
7818
7823
7822
7823
7812
9519
9536
9528
9533
9523
9530
9536
9533
9531
9537
9537
9536
9533
9530
9533
9524
6472
9531
7741
7818
7823
7823
7822
7823
7823
9189
8886
9993
9993
9996
9520
9521
9457
9997
9521
9521
9528
7805
7456
7823
6774
9989
7761
7643
7642
9534
9853
6464
9518
6461
6458
6462
9881
9878
9884
6460
7404
9850
6465
9527
6480
6474
6483
6483
6483
6481
9881
9884
9808
9466
8049
9877
7679
6487
9351
6471
9834
9840
7666
9550
7680
7680
7679
7680
9534
9755
9345
9389
7524
7679
7683
7673
7684
7407
7679
7674
6496
6486
6477
6486
6483
6465
7681
7680
7681
7681
9630
7696
9473
9499
7619
9517
9520
7685
7680
7687
7683
7679
7683
7682
7683
7677
7683
7683
7679
7683
7682
7683
7666
9992
9977
9863
9868
9856
9861
9869
9868
9866
9872
9872
9871
9868
9863
9868
9859
6463
9868
7600
7675
7680
7683
7682
7683
7683
9642
9322
9518
9518
9519
9998
9999
9025
9520
9521
10000
9969
7682
7166
7683
6508
9513
7947
7529
7529
9534
9853
6464
9518
6461
6458
6462
9881
9878
9884
6460
7404
9850
6465
9527
6480
6474
6483
6483
6483
6481
9881
9884
9808
9466
8049
9877
7679
6487
9351
6471
9834
9840
7666
9550
7680
7680
7679
7680
9534
9755
9345
9389
7524
7679
7683
7673
7684
7407
7679
7674
6496
6486
6477
6486
6483
6465
7681
7680
7681
7681
9630
7696
9473
9499
7619
9517
9520
7685
7680
7687
7683
7679
7683
7682
7683
7677
7683
7683
7679
7683
7682
7683
7666
9992
9977
9863
9868
9856
9861
9869
9868
9866
9872
9872
9871
9868
9863
9868
9859
6463
9868
7600
7675
7680
7683
7682
7683
7683
9642
9322
9518
9518
9519
9998
9999
9025
9520
9521
10000
9969
7682
7166
7683
6508
9513
7947
7529
7529
9543
9838
6459
9527
6458
6455
6461
9862
9867
9867
6456
7402
9849
6459
9542
6472
6467
6475
6475
6475
6476
9866
9865
9801
9470
8050
9860
7685
6483
9359
6470
9821
9841
7668
9533
7687
7687
7686
7687
9543
9734
9354
9394
7525
7686
7690
7679
7686
7415
7687
7682
6497
6480
6476
6480
6482
6464
7687
7687
7688
7687
9615
7702
9480
9511
7626
9520
9525
7691
7686
7693
7690
7685
7690
7689
7690
7684
7690
7690
7685
7690
7689
7690
7674
9967
9948
9846
9853
9843
9850
9854
9853
9851
9857
9857
9856
9853
9848
9853
9844
6459
9851
7603
7681
7686
7690
7689
7690
7690
9613
9295
9525
9525
9526
9969
9968
9036
9527
9528
9969
9969
7690
7178
7690
6511
9520
7949
7536
7535
7827
7726
8297
7813
8297
8293
8301
7688
7697
7692
8293
8281
7690
8299
7841
8272
8276
8276
8276
8276
8273
7695
7691
7701
7498
8255
7686
9956
8295
7676
8331
7741
7703
9862
7799
9960
9960
9959
9960
7827
7696
7673
7705
8330
9959
9961
9952
9959
8312
9986
9977
8315
8324
8328
8324
8327
8308
9961
9960
9963
9962
7502
9976
7772
7792
9874
7808
7809
9968
9954
9960
9961
9955
9961
9959
9961
9953
9961
9961
9956
9961
9960
9961
9949
7680
7667
7692
7698
7687
7695
7701
7698
7697
7702
7702
7701
7698
7700
7698
7690
8316
7696
8397
9955
9960
9961
9959
9961
9961
7476
7246
7802
7802
7803
7682
7682
7424
7804
7805
7682
7682
7690
5952
9961
5401
7798
6360
9786
9787
7437
7194
5188
7424
5183
5180
5180
7182
7190
7182
5190
5881
7209
5189
7455
5206
5202
5210
5210
5210
5211
7187
7182
7200
7060
6301
7178
5932
5199
7604
5205
7201
7207
5922
7421
5937
5937
5936
5937
7437
7175
7619
7525
5989
5936
5937
5929
5936
5901
5948
5944
5215
5200
5203
5200
5203
5187
5937
5937
5938
5938
7310
5944
7419
7438
5899
7454
7446
5939
5934
5936
5937
5931
5937
5936
5937
5932
5937
5937
5932
5937
5938
5937
5927
7166
7157
7195
7198
7189
7195
7193
7198
7188
7194
7194
7193
7198
7195
7198
7189
5194
7196
6046
5932
5937
5937
5936
5937
5937
7023
6799
7451
7451
7454
7167
7166
7624
7455
7456
7166
7166
7178
5952
5937
7717
7463
7901
6057
6056
7841
7747
8290
7843
8300
8308
8312
7705
7698
7694
8292
8298
7705
8293
7818
8261
8265
8264
8264
8264
8262
7688
7702
7702
7495
8266
7693
9995
8321
7659
8306
7726
7680
9881
7801
9993
9993
9994
9993
7841
7712
7651
7734
8309
9994
10000
9987
9992
8293
9955
9946
8307
8316
8313
8316
8320
8301
9992
9993
9998
9997
7483
9981
7802
7822
9895
7823
7825
9989
9993
9977
10000
9994
10000
9998
10000
9992
10000
10000
9995
10000
9999
10000
9978
7680
7686
7669
7675
7665
7672
7678
7675
7674
7679
7679
7678
7675
7678
7675
7668
8292
7673
8377
9990
9995
10000
9998
10000
10000
7479
7249
7818
7818
7819
7682
7683
7440
7820
7823
7683
7683
7690
9961
5937
5386
7814
6342
9762
9763
6753
6544
4750
6744
4744
4741
4741
6512
6527
6514
4750
5344
6538
4751
6770
4761
4754
4764
4764
4764
4762
6520
6515
6539
6453
5732
6508
5382
4755
6908
4763
6552
6537
5367
6738
5390
5390
5389
5390
6753
6536
6923
6841
5443
5389
5386
5380
5386
5357
5397
5393
4771
4766
4762
4766
4763
4749
5390
5390
5388
5387
6652
5393
6744
6759
5354
6766
6764
5390
5384
5389
5386
5381
5386
5385
5386
5380
5386
5386
5383
5386
5387
5386
5376
6509
6500
6520
6524
6520
6522
6522
6524
6517
6523
6523
6522
6524
6525
6524
6518
4756
6523
5562
5382
5386
5386
5385
5386
5386
6392
6143
6773
6773
6772
6509
6508
6927
6773
6774
6508
6508
6511
5401
7717
5386
6781
7262
5499
5496
9966
9585
6469
9950
6474
6481
6478
9558
9553
9547
6468
7524
9566
6470
9939
6478
6472
6482
6482
6482
6479
9536
9556
9550
9226
8258
9546
7809
6505
9765
6474
9547
9539
7796
9919
7815
7815
7814
7815
9966
9542
9793
9858
7636
7814
7814
7807
7815
7522
7795
7792
6502
6481
6480
6481
6486
6468
7816
7815
7816
7815
9312
7810
9942
9966
7759
9981
9975
7818
7810
7826
7814
7809
7814
7813
7814
7808
7814
7814
7809
7814
7813
7814
7804
9511
9528
9520
9525
9515
9522
9528
9525
9523
9529
9529
9528
9525
9522
9525
9516
6465
9523
7734
7809
7814
7814
7813
7814
7814
9181
8878
9984
9984
9987
9512
9513
9464
9988
9989
9513
9513
9520
7798
7463
7814
6781
7766
7647
7646
7764
7880
5405
7752
5400
5397
5397
7888
7902
7891
5404
6210
7904
5405
7780
5413
5410
5417
5417
5417
5418
7896
7891
7877
7605
6660
7884
6338
5421
7936
5419
7887
7903
6326
7753
6343
6343
6342
6343
7764
7823
7933
7834
6259
6342
6342
6334
6342
6223
6354
6350
5434
5424
5419
5424
5420
5404
6343
6343
6344
6343
8031
6351
7722
7740
6305
7758
7759
6347
6339
6342
6342
6337
6342
6341
6342
6336
6342
6342
6338
6342
6343
6342
6331
7949
7936
7902
7907
7899
7904
7902
7907
7897
7903
7903
7902
7907
7902
7907
7898
5411
7905
6383
6338
6342
6342
6341
6342
6342
7745
7418
7760
7760
7762
7947
7946
7950
7760
7761
7947
7947
7949
6360
7901
6342
7262
7766
6480
6478
7662
7568
8144
7650
8142
8138
8140
7530
7537
7533
8149
8127
7537
8146
7673
8113
8117
8117
8117
8117
8114
7540
7533
7549
7341
8098
7528
9757
8137
7808
8172
7582
7543
9664
7636
9757
9757
9756
9757
7662
7538
7795
7701
8160
9756
9762
9749
9756
8155
9780
9771
8158
8165
8169
8165
8168
8150
9758
9757
9760
9759
7648
9776
7611
7628
9680
7645
7646
9765
9755
9757
9762
9756
9762
9760
9762
9754
9762
9762
9757
9762
9761
9762
9740
7527
7516
7532
7538
7528
7535
7541
7538
7537
7542
7542
7541
7538
7541
7538
7530
8157
7536
8233
9752
9757
9762
9760
9762
9762
7354
7100
7640
7640
7641
7529
7529
7389
7642
7643
7529
7529
7536
9786
6057
9762
5499
7647
6480
9996
7662
7568
8145
7650
8143
8139
8141
7529
7536
7533
8150
8127
7537
8147
7672
8114
8118
8118
8118
8118
8115
7539
7532
7548
7340
8099
7527
9758
8138
7807
8173
7581
7542
9663
7635
9758
9758
9757
9758
7662
7537
7794
7700
8161
9757
9763
9750
9757
8154
9781
9772
8159
8166
8170
8166
8169
8151
9759
9758
9761
9760
7647
9777
7611
7627
9681
7644
7645
9766
9756
9758
9763
9757
9763
9761
9763
9755
9763
9763
9758
9763
9762
9763
9741
7527
7515
7531
7537
7527
7534
7540
7537
7536
7541
7541
7540
7537
7540
7537
7530
8158
7535
8234
9755
9760
9763
9761
9763
9763
7355
7101
7639
7639
7640
7529
7529
7388
7641
7642
7529
7529
7535
9787
6056
9763
5496
7646
6478
9996
