9978
8093
9881
8078
8074
8082
9694
6351
6394
6357
8064
10000
9978
8076
9877
8063
8057
8066
9681
6341
6383
6348
8048
9978
8093
8076
8015
9810
9678
9897
8084
6338
6366
6328
9668
8093
9881
9877
8015
8000
8000
8010
9594
6296
6338
6305
7990
9881
8078
8063
9810
8000
9643
9805
8066
6334
6370
6321
9634
8078
8074
8057
9678
8000
9643
9684
8059
6315
6351
6299
9990
8074
8082
8066
9897
8010
9805
9684
8073
6342
6373
6329
9674
8082
9694
9681
8084
9594
8066
8059
8073
6345
6387
6351
8051
9694
6351
6341
6338
6296
6334
6315
6342
6345
9052
9709
6309
6351
6394
6383
6366
6338
6370
6351
6373
6387
9052
9046
6347
6394
6357
6348
6328
6305
6321
6299
6329
6351
9709
9046
6292
6357
8064
8048
9668
7990
9634
9990
9674
8051
6309
6347
6292
8064
10000
9978
8093
9881
8078
8074
8082
9694
6351
6394
6357
8064
