144631.266007
128319.52
135714.692841
144533.428261
132841.38
144635.454779
127408.54
136221.97098
144637.209136
132505.52
145238.04858200002
145322.00702800002
145238.04858200002
143211.84932399998
143207.55309
121811.985
135701.382075
143118.072906
127464.975
143211.84932399998
143021.312252
104175.0
142981.363322
143028.710202
140912.30466599998
142981.363322
137418.195078
145536.776847
145408.81607200002
145408.81607200002
141840.93495
132568.24
145462.927792
140210.970516
124379.55
138916.11759
144642.9
144644.4
125444.97
139285.35
144635.454779
144631.266007
128319.52
135714.692841
144533.428261
132841.38
