0 1
0 2
0 3
0 4
0 5
0 6
0 7
8 9
8 10
8 3
8 11
8 12
8 13
8 4
14 8
14 3
14 11
14 12
14 13
14 4
9 13
9 4
10 9
10 13
10 4
15 8
15 14
15 16
15 1
15 3
15 11
15 12
15 13
15 17
15 18
15 19
15 20
15 7
16 0
16 9
16 1
16 2
16 11
16 13
16 5
16 6
16 21
16 22
16 18
16 19
16 20
16 7
1 10
1 3
1 11
1 12
1 13
1 4
1 5
1 7
2 13
2 4
2 5
2 7
3 9
3 10
3 11
3 13
3 4
11 9
11 10
11 13
11 4
12 9
12 10
12 3
12 11
12 13
12 4
13 4
5 7
6 0
6 1
6 2
6 3
6 4
6 5
6 7
23 8
23 3
23 11
23 12
23 13
23 4
24 12
24 13
24 4
24 23
24 17
24 22
24 18
24 19
24 20
17 12
17 13
17 4
17 23
17 22
17 18
17 19
17 20
21 9
21 10
21 3
21 12
21 13
21 4
21 20
22 4
22 23
22 18
18 12
18 13
18 4
18 23
18 22
19 12
19 13
19 23
19 22
19 18
19 20
20 11
20 12
20 23
20 22
20 18
