9499
9503
9492
9497
9185
9173
9389
9804
9451
9496
9464
9473
9438
9818
10000
9433
9443
9440
9498
9392
9454
9456
9453
9741
9499
9820
9668
9677
9200
9197
9344
9503
9796
9860
9873
9821
9800
9479
9499
9846
9832
9823
9648
9748
9816
9816
9815
9471
9503
9820
9640
9645
9180
9175
9339
9471
9771
9834
9798
9956
9863
9448
9503
9760
9783
9774
9660
9729
9795
9792
9790
9448
9492
9668
9640
9985
9200
9205
9333
9486
9621
9680
9656
9644
9621
9476
9492
9601
9587
9578
9937
9519
9595
9593
9590
9466
9497
9677
9645
9985
9209
9214
9338
9491
9630
9691
9665
9649
9630
9481
9497
9614
9600
9591
9948
9531
9608
9606
9603
9471
9185
9200
9180
9200
9209
9754
9167
9144
9144
9193
9181
9152
9131
9117
9185
9163
9164
9163
9212
9104
9169
9170
9169
9127
9173
9197
9175
9205
9214
9754
9131
9134
9149
9191
9193
9147
9134
9112
9173
9157
9156
9158
9213
9101
9162
9166
9165
9119
9389
9344
9339
9333
9338
9167
9131
9359
9294
9343
9317
9316
9287
9345
9389
9280
9281
9278
9325
9231
9287
9289
9286
9360
9804
9503
9471
9486
9491
9144
9134
9359
9449
9499
9460
9497
9454
9774
9804
9428
9410
9412
9462
9359
9422
9427
9425
9735
9451
9796
9771
9621
9630
9144
9149
9294
9449
9899
9777
9773
9750
9433
9451
9729
9709
9706
9598
9653
9717
9721
9718
9426
9496
9860
9834
9680
9691
9193
9191
9343
9499
9899
9835
9836
9808
9474
9496
9781
9767
9758
9661
9708
9775
9773
9770
9476
9464
9873
9798
9656
9665
9181
9193
9317
9460
9777
9835
9798
9779
9454
9464
9849
9835
9826
9629
9763
9835
9835
9834
9444
9473
9821
9956
9644
9649
9152
9147
9316
9497
9773
9836
9798
9871
9454
9473
9758
9744
9735
9617
9685
9752
9750
9747
9454
9438
9800
9863
9621
9630
9131
9134
9287
9454
9750
9808
9779
9871
9433
9438
9731
9717
9712
9598
9657
9725
9725
9722
9424
9818
9479
9448
9476
9481
9117
9112
9345
9774
9433
9474
9454
9454
9433
9818
9413
9393
9391
9447
9334
9405
9409
9406
9712
10000
9499
9503
9492
9497
9185
9173
9389
9804
9451
9496
9464
9473
9438
9818
9433
9443
9440
9498
9392
9454
9456
9453
9741
9433
9846
9760
9601
9614
9163
9157
9280
9428
9729
9781
9849
9758
9731
9413
9433
9965
9962
9582
9877
9948
9952
9951
9406
9443
9832
9783
9587
9600
9164
9156
9281
9410
9709
9767
9835
9744
9717
9393
9443
9965
9989
9606
9895
9971
9969
9968
9386
9440
9823
9774
9578
9591
9163
9158
9278
9412
9706
9758
9826
9735
9712
9391
9440
9962
9989
9597
9892
9962
9970
9969
9384
9498
9648
9660
9937
9948
9212
9213
9325
9462
9598
9661
9629
9617
9598
9447
9498
9582
9606
9597
9543
9617
9614
9612
9429
9392
9748
9729
9519
9531
9104
9101
9231
9359
9653
9708
9763
9685
9657
9334
9392
9877
9895
9892
9543
9907
9911
9908
9336
9454
9816
9795
9595
9608
9169
9162
9287
9422
9717
9775
9835
9752
9725
9405
9454
9948
9971
9962
9617
9907
9990
9987
9398
9456
9816
9792
9593
9606
9170
9166
9289
9427
9721
9773
9835
9750
9725
9409
9456
9952
9969
9970
9614
9911
9990
9997
9400
9453
9815
9790
9590
9603
9169
9165
9286
9425
9718
9770
9834
9747
9722
9406
9453
9951
9968
9969
9612
9908
9987
9997
9397
9741
9471
9448
9466
9471
9127
9119
9360
9735
9426
9476
9444
9454
9424
9712
9741
9406
9386
9384
9429
9336
9398
9400
9397
