122092.683305
143779.25328
113462.44
117781.42500000002
143516.53212000002
144989.09022
143513.383065
123529.86
125098.30199100001
142306.55594999998
143313.13830599998
143845.84065600001
143024.878809
141887.146635
142664.403528
141969.822186
143489.04114800002
141124.381548
144357.97872
138530.53500000003
139714.8384
136001.7442
145357.152424
139737.34352599998
136039.266858
112725.19841
95796.248979
142582.989408
124853.89737800001
118248.322424
91772.00572799999
62836.836048
128697.498048
74034.745
76200.37499999999
77650.22
138144.933912
133576.58969999998
78520.33165499999
95734.751616
127608.08198100001
81050.344002
115769.115
117343.36980799999
96210.804229
127580.617995
100233.37506
91121.47
123248.79
125569.98
135494.815
140345.354097
132589.74
137983.213048
137994.909616
137019.595792
139504.81657999998
121153.32
136109.045408
137402.777708
127973.3
134298.072116
144024.804066
143786.681064
117773.73
122530.54715399999
145158.414398
143418.29079
141994.41677799998
119677.095
128148.04583999999
143437.38648800002
142006.697844
122471.19
124413.785743
141017.26541000002
142735.044142
142364.890144
140983.792441
143424.316809
144219.168546
144989.09022
122092.683305
143779.25328
113462.44
117781.42500000002
143516.53212000002
143513.383065
137925.885
134415.725
135732.035
137913.995
140771.83695
138839.79199499998
128238.98431799999
126047.67912
114857.75424000001
144671.35343999998
144507.94656
133486.08
144500.91348000002
139876.27999999997
144499.71636
127887.56060699999
126051.846687
114858.675756
144669.177775
133482.02
144498.73667599997
139873.09
144497.53954799997
144521.056871
144519.410622
125665.96
137767.24551900002
139298.25708900002
136799.849743
126958.65974399999
114848.98134599999
144667.330074
144505.09646600002
128133.9
126065.44724400001
114877.27961999999
144690.97667
133496.16
127780.47
126072.59714
144686.19955999998
133493.5
144522.92049999998
144693.83222
126584.97584700001
132526.697137
144688.213953
133776.86
144525.083463
